59	22	0.6350658167975648
58	59	0.6923748021954539
58	60	0.628275670724973
59	24	0.6510807208619953
57	99	0.6194057023915412
10	55	0.6099945689844768
58	67	0.659854791114413
59	33	0.653133331735619
58	71	0.6023606171472878
9	86	0.6200760353804556
59	37	0.6728331775177727
58	74	0.7059215157887034
60	3	0.6114129816026603
59	44	0.606055015764579
60	8	0.6226097220790413
60	15	0.6165834050841132
59	51	0.6041981518028534
9	58	0.6808565485078669
9	57	0.6808397752298453
9	55	0.6420894734507854
58	33	0.6635971433121501
57	67	0.6422815476582409
58	37	0.7106756898178259
57	74	0.6011840847706225
59	4	0.682946327439217
58	44	0.7644758169357388
58	43	0.6899761436781281
11	3	0.6105488648964363
9	64	0.6080711917666854
58	57	0.76644823381067
9	67	0.6481515312606867
8	64	0.6657038458384789
57	37	0.6007478151339017
56	68	0.6364849932188946
9	24	0.6979973791257155
56	69	0.6403164387029958
8	60	0.6226097220790413
57	33	0.6500224821893176
57	43	0.624481049460618
57	44	0.7596951170807922
58	9	0.6808565485078669
9	16	0.6000847742834012
58	4	0.7306144304264636
58	15	0.700245690374621
9	43	0.6033605014885405
9	44	0.703543623889898
58	17	0.654525737461653
58	16	0.7304549715892097
58	13	0.6508991222582577
9	41	0.6207059214084637
57	60	0.6109519550330916
57	59	0.611307666398354
9	37	0.6117942262701873
58	24	0.7117816857026816
58	18	0.6187023744760528
57	58	0.76644823381067
58	20	0.6063060413745454
57	4	0.637718764911704
57	13	0.6092651640455272
8	24	0.6041478312537446
57	9	0.6808397752298453
8	20	0.6219797719243166
56	54	0.6398694593946672
57	16	0.7302259811226559
56	53	0.6470907016230911
8	44	0.6351423375212947
57	15	0.6049024219413539
56	66	0.6109619908531297
57	24	0.6768420532413957
62	47	0.6653534783513682
62	49	0.7159953181389405
62	48	0.6583572514601568
62	50	0.6994372771226445
62	53	0.6736576880871267
61	89	0.6036778867466693
14	29	0.6462056868134651
61	76	0.6389443375798828
14	34	0.6079066065015077
13	74	0.6154359560886696
15	2	0.6022613829742719
15	4	0.6073294224994402
62	66	0.7182148533299251
62	68	0.7827105496666816
15	8	0.6785041935224331
62	69	0.660203592644199
62	54	0.642378237510704
14	49	0.6070523090905142
15	13	0.7110551392307263
14	50	0.6237074522159917
15	16	0.6754143576569476
14	53	0.6102134542774329
62	61	0.6547561611543777
61	54	0.6268179252736586
61	53	0.656805607248787
13	37	0.657943008366412
61	50	0.6724885241634786
61	49	0.6338077642469804
60	86	0.6418629732378459
62	32	0.7490375639722526
61	69	0.6806597424052707
13	44	0.6757744824738965
61	68	0.6386894313379547
62	36	0.7307690272407328
62	35	0.6918385583666263
61	62	0.6547561611543777
62	28	0.6370507907572533
61	65	0.6259141149428266
14	21	0.638328349728853
13	58	0.6508991222582577
62	29	0.6421919773905886
61	66	0.6932674151291968
13	57	0.6092651640455272
62	27	0.6185403548039129
12	39	0.6211535328134801
60	57	0.6109519550330916
61	21	0.6328765778658482
60	58	0.628275670724973
12	35	0.6507037377490188
13	7	0.6111731842663796
13	8	0.7051766686679214
13	5	0.6130108764854801
13	16	0.6605519551308991
13	15	0.7110551392307263
13	18	0.6614714509477785
13	17	0.6477011988998578
61	35	0.6751546641666047
12	49	0.6222690185220956
61	36	0.6038551975906012
61	38	0.6132435364778259
61	31	0.6862810302248809
61	32	0.6970213549418396
61	27	0.7100915513843561
60	64	0.6282550867779193
61	29	0.6047804031496924
58	99	0.6476663239050511
60	24	0.6343198211920036
59	58	0.6923748021954539
59	57	0.611307666398354
60	16	0.6145912849449753
60	44	0.641838253139102
61	6	0.6193047865557422
60	41	0.6012437452685688
59	75	0.6045804783276229
12	31	0.6222888550541762
60	37	0.6667993409336378
59	74	0.621882487634345
12	27	0.6067476637902403
12	26	0.6166076570227867
59	70	0.6078845863314738
51	80	0.6025199770974763
52	42	0.6203076360402525
51	79	0.607944390861147
53	14	0.6102134542774329
52	51	0.7334887287092964
17	58	0.654525737461653
18	19	0.658405017291844
52	26	0.669175237283965
18	13	0.6614714509477785
52	24	0.6190524920786084
18	16	0.7067846792264141
18	15	0.6270668565872113
52	33	0.6082091282633056
52	39	0.6026233893865091
51	73	0.6165598051703814
51	74	0.61548408673216
50	87	0.6139956364524546
51	52	0.7334887287092964
50	89	0.6293679833226887
16	60	0.6145912849449753
50	93	0.6111091139965161
52	21	0.6050300852672654
16	64	0.6129188175240822
51	59	0.6041981518028534
16	67	0.6588541543450337
50	66	0.7017162813809562
17	16	0.6163751247564794
51	30	0.6000715279302218
17	15	0.6870591587437093
50	68	0.669675925162374
50	69	0.7010953417270684
51	33	0.6358934150855045
16	57	0.7302259811226559
50	72	0.6044833354922039
16	58	0.7304549715892097
17	8	0.652608321970593
17	7	0.6949071762106853
16	44	0.7583629085927881
50	76	0.647910274896081
17	13	0.6477011988998578
17	5	0.6410782602739025
16	43	0.6252307202894785
50	54	0.6713688378758353
17	4	0.6050990863530671
50	53	0.7433965446892057
49	89	0.6077200680687663
16	37	0.660771939525232
50	62	0.6994372771226445
16	33	0.6089433005710181
51	24	0.6363295586442717
50	61	0.6724885241634786
51	4	0.7119811202111058
14	100	0.66132063000103
49	76	0.625980564069586
16	24	0.6440709186850779
50	36	0.7773778164685976
15	60	0.6165834050841132
15	58	0.700245690374621
50	35	0.7637271993394976
49	72	0.6378595260229923
16	20	0.6054992517137829
15	57	0.6049024219413539
50	49	0.6818921772158961
16	18	0.7067846792264141
16	17	0.6163751247564794
16	15	0.6754143576569476
16	13	0.6605519551308991
16	8	0.6349365181861525
16	9	0.6000847742834012
49	62	0.7159953181389405
49	61	0.6338077642469804
16	4	0.6171735689531225
50	21	0.637593062633276
15	44	0.6601488201801291
50	31	0.6250924767351265
49	68	0.7295405900598513
15	37	0.6712075491866399
50	32	0.7113513928033277
49	69	0.6388981053348156
50	27	0.6910596407048502
50	26	0.6122904384007254
50	29	0.7145116026438114
49	66	0.6752011407379344
14	65	0.6590770275468543
50	14	0.6237074522159917
49	53	0.6264914291745824
49	54	0.7019337707944049
15	18	0.6270668565872113
15	17	0.6870591587437093
14	54	0.6216112610664889
49	50	0.6818921772158961
14	56	0.6691523072512405
55	67	0.6168366264838612
56	29	0.6590092554389815
21	35	0.6251925644506394
21	42	0.63364240971406
56	21	0.637604872111235
56	26	0.6560338457629826
21	50	0.637593062633276
21	49	0.6251485244217133
54	89	0.640529784130773
20	58	0.6063060413745454
56	14	0.6691523072512405
21	26	0.6347735315944458
21	29	0.6534304065742015
21	27	0.704249843254373
21	31	0.651596931257145
21	32	0.6346063360041347
54	76	0.6120559223486856
54	62	0.642378237510704
21	14	0.638328349728853
54	65	0.6274494119396379
54	66	0.6292876392499136
54	68	0.6543851573048106
54	69	0.6629059791860307
54	56	0.6398694593946672
53	93	0.6079484074976457
54	61	0.6268179252736586
55	23	0.6019716212622892
55	10	0.6099945689844768
54	47	0.6079493208981237
55	9	0.6420894734507854
53	83	0.6310013536578968
54	49	0.7019337707944049
54	50	0.6713688378758353
54	53	0.6860304026245725
53	89	0.6772430059395982
53	76	0.6178686040962403
20	8	0.6219797719243166
54	36	0.6600149393910811
54	35	0.6881654801314483
54	32	0.6294970621424455
53	69	0.7340086135271707
20	19	0.670248152325828
54	31	0.6065137583346255
53	68	0.684586902115119
20	16	0.6054992517137829
54	29	0.6977105560425798
53	66	0.6879800058659471
53	65	0.6374111714909733
54	27	0.6497893104464645
52	100	0.6578176478144498
53	62	0.6736576880871267
53	61	0.656805607248787
20	7	0.6124182283007935
53	56	0.6470907016230911
53	54	0.6860304026245725
54	14	0.6216112610664889
19	18	0.658405017291844
53	49	0.6264914291745824
19	20	0.670248152325828
53	50	0.7433965446892057
52	80	0.6155079042557378
53	35	0.6631102252391798
53	36	0.6269979727535642
18	58	0.6187023744760528
53	32	0.6722664667699948
53	29	0.6846998642077998
18	37	0.6053426037501402
51	100	0.6650893433124717
18	44	0.6269730682293785
53	21	0.6416770526706195
23	55	0.6019716212622892
44	37	0.7291114723228704
43	74	0.6790871220236533
24	16	0.6440709186850779
44	33	0.6508011969744749
24	9	0.6979973791257155
24	8	0.6041478312537446
44	43	0.6410075212353554
24	4	0.7017774232387683
24	33	0.7216459744804774
24	30	0.6427469333354204
44	60	0.641838253139102
44	59	0.606055015764579
24	22	0.6057918198208209
44	58	0.7644758169357388
44	57	0.7596951170807922
24	51	0.6363295586442717
44	64	0.6629817411449408
24	44	0.7372228824662856
44	67	0.6791191263452844
24	41	0.6483175249026238
45	40	0.6185857750090491
24	43	0.6907070578706811
24	37	0.6346612729178557
45	36	0.6009167385489744
24	64	0.6347205150658985
24	67	0.7036169618496173
24	60	0.6343198211920036
24	57	0.6768420532413957
24	58	0.7117816857026816
24	59	0.6510807208619953
24	52	0.6190524920786084
100	98	0.6247244143293653
22	24	0.6057918198208209
21	61	0.6328765778658482
21	65	0.6460969726833604
43	9	0.6033605014885405
42	46	0.63500182740468
42	52	0.6203076360402525
43	16	0.6252307202894785
21	53	0.6416770526706195
20	90	0.6072566703528315
21	52	0.6050300852672654
21	56	0.637604872111235
43	24	0.6907070578706811
100	80	0.6326734814811829
42	65	0.641035447195043
42	69	0.6148261244670873
21	69	0.635373493100836
100	73	0.6668709594979088
21	72	0.6064456434691325
44	3	0.6049271116880193
44	4	0.6597740641302257
22	59	0.6350658167975648
21	98	0.6305010215022913
43	44	0.6410075212353554
44	8	0.6351423375212947
44	9	0.703543623889898
44	13	0.6757744824738965
44	15	0.6601488201801291
23	33	0.6286456783238381
44	16	0.7583629085927881
44	18	0.6269730682293785
43	58	0.6899761436781281
43	57	0.624481049460618
44	24	0.7372228824662856
43	67	0.6706619820199298
26	65	0.6502447612135145
47	62	0.6653534783513682
98	100	0.6247244143293653
27	21	0.704249843254373
27	35	0.7265740530769803
27	36	0.7013926284540315
47	54	0.6079493208981237
27	31	0.7101084773378008
27	32	0.6987192132308027
99	71	0.621682451422051
27	29	0.6511910900286862
100	14	0.66132063000103
27	42	0.6326328083031516
99	57	0.6194057023915412
27	50	0.6910596407048502
99	58	0.6476663239050511
27	49	0.6401530554002566
48	31	0.6223654355334826
47	68	0.6217317356250964
48	28	0.6475736167855233
49	21	0.6251485244217133
27	54	0.6497893104464645
47	89	0.6313453712640389
99	95	0.6014298762716211
49	12	0.6222690185220956
27	66	0.6411071586894583
49	14	0.6070523090905142
27	68	0.6188858632896499
27	61	0.7100915513843561
27	62	0.6185403548039129
48	46	0.6297834427022343
49	35	0.6920135688452114
49	36	0.6702381109964577
49	38	0.6204631212175382
49	31	0.6534905802088802
27	69	0.7203373136323602
28	32	0.6204890939418288
49	32	0.6953997280973657
48	69	0.6238098763594394
27	72	0.6571714238904739
99	79	0.6236034761961318
100	52	0.6578176478144498
49	27	0.6401530554002566
49	28	0.649698999036698
28	47	0.6149112003405921
49	29	0.6291604864131404
27	83	0.6134621228430809
48	62	0.6583572514601568
100	51	0.6650893433124717
48	63	0.6003145869860438
24	74	0.6480001914640852
46	35	0.601885648093665
97	84	0.6020649007928103
96	94	0.6147075432792215
46	48	0.6297834427022343
96	95	0.6862019456273688
98	21	0.6305010215022913
26	12	0.6166076570227867
96	92	0.6012571934513755
96	97	0.6693155387313765
26	21	0.6347735315944458
46	42	0.63500182740468
47	6	0.6092299771704328
47	28	0.6149112003405921
26	29	0.6143499739712797
26	31	0.6174210160727859
47	32	0.6421545162791698
97	88	0.6068027308095256
26	42	0.732946236169216
97	93	0.6006987869982264
27	12	0.6067476637902403
97	96	0.6693155387313765
26	50	0.6122904384007254
26	52	0.669175237283965
26	56	0.6560338457629826
31	29	0.6024969292816311
30	67	0.6424260862452811
37	58	0.7106756898178259
31	32	0.616780457821543
37	57	0.6007478151339017
36	89	0.6095465635587055
31	26	0.6174210160727859
36	88	0.6023630306033897
31	27	0.7101084773378008
31	21	0.651596931257145
37	64	0.6751193885317984
37	60	0.6667993409336378
37	59	0.6728331775177727
30	51	0.6000715279302218
37	41	0.6165004324839485
95	96	0.6862019456273688
29	89	0.6704514026076652
95	89	0.6071214952005974
36	72	0.6196526127377618
31	12	0.6222888550541762
31	6	0.6091388432523039
36	87	0.6248263693492715
29	76	0.6059981113086591
37	44	0.7291114723228704
32	27	0.6987192132308027
31	61	0.6862810302248809
39	12	0.6211535328134801
38	49	0.6204631212175382
32	21	0.6346063360041347
38	61	0.6132435364778259
31	54	0.6065137583346255
95	99	0.6014298762716211
31	49	0.6534905802088802
31	50	0.6250924767351265
31	48	0.6223654355334826
96	88	0.6078806364776976
38	35	0.6134361802236152
96	86	0.6109568173938527
37	67	0.6284875884761922
38	31	0.6309341817905232
31	38	0.6309341817905232
31	36	0.640844641866538
31	35	0.6155046498620576
29	35	0.6914825911264685
35	62	0.6918385583666263
29	36	0.6771951658977374
93	83	0.6298544577294296
35	61	0.6751546641666047
36	27	0.7013926284540315
93	88	0.6044765774730056
36	29	0.6771951658977374
35	66	0.6805866818217648
35	65	0.6035623826045394
36	31	0.640844641866538
35	68	0.6617913114923204
29	42	0.654711925889616
93	89	0.7499293622392366
29	27	0.6511910900286862
93	76	0.6480269582858685
36	32	0.6871731149917985
35	69	0.6744633041923407
36	35	0.7461515676079973
35	72	0.6319029346272547
28	68	0.7005940146860627
29	31	0.6024969292816311
29	32	0.6621201628575897
35	76	0.6886649370898237
37	1	0.6536981554161544
35	46	0.601885648093665
29	21	0.6534304065742015
35	49	0.6920135688452114
94	67	0.607124724029855
35	50	0.7637271993394976
29	26	0.6143499739712797
28	62	0.6370507907572533
28	49	0.649698999036698
35	53	0.6631102252391798
93	92	0.6087835758403074
28	48	0.6475736167855233
35	54	0.6881654801314483
29	14	0.6462056868134651
93	94	0.6188174755098912
27	89	0.6621226780727998
93	97	0.6006987869982264
29	69	0.6895618424752727
30	33	0.6075967744921191
35	93	0.6437401985020814
36	62	0.7307690272407328
37	24	0.6346612729178557
36	61	0.6038551975906012
94	82	0.6005839597657767
29	61	0.6047804031496924
30	24	0.6427469333354204
29	62	0.6421919773905886
36	66	0.6898004404278102
29	65	0.6300270731918791
29	66	0.620188720056244
37	33	0.6819017469518804
36	69	0.7693673058072548
36	68	0.624177797009644
94	96	0.6147075432792215
29	54	0.6977105560425798
29	53	0.6846998642077998
37	4	0.6163998172262866
37	9	0.6117942262701873
29	56	0.6590092554389815
37	7	0.6132709850688302
36	45	0.6009167385489744
94	88	0.6278895612055175
37	13	0.657943008366412
36	50	0.7773778164685976
94	86	0.820894217446998
36	49	0.6702381109964577
29	50	0.7145116026438114
36	54	0.6600149393910811
94	93	0.6188174755098912
29	49	0.6291604864131404
37	18	0.6053426037501402
94	90	0.6563689522149065
37	15	0.6712075491866399
35	89	0.6923571706357141
94	91	0.6068027608317454
37	16	0.660771939525232
36	53	0.6269979727535642
91	89	0.6537458059688582
34	41	0.6004586003297151
91	92	0.6210458496634067
33	71	0.6173004922502281
91	87	0.6506666748761635
33	74	0.6727435375611476
35	12	0.6507037377490188
41	37	0.6165004324839485
91	94	0.6068027608317454
41	33	0.6028361682480302
41	34	0.6004586003297151
33	59	0.653133331735619
41	24	0.6483175249026238
33	57	0.6500224821893176
33	58	0.6635971433121501
93	35	0.6437401985020814
33	64	0.6313390895858022
35	36	0.7461515676079973
93	50	0.6111091139965161
42	39	0.6256633826645239
35	32	0.7076334294299728
35	31	0.6155046498620576
35	29	0.6914825911264685
42	32	0.6105155190468893
41	67	0.6327601345456447
92	93	0.6087835758403074
93	53	0.6079484074976457
92	91	0.6210458496634067
42	29	0.654711925889616
35	38	0.6134361802236152
42	26	0.732946236169216
92	89	0.6277172416106115
42	27	0.6326328083031516
41	64	0.6106740663684851
41	60	0.6012437452685688
42	21	0.63364240971406
92	96	0.6012571934513755
35	27	0.7265740530769803
93	72	0.6361060800763617
93	69	0.6118722491625559
93	68	0.6178264031415774
35	21	0.6251925644506394
89	95	0.6071214952005974
33	7	0.603994697682293
32	47	0.6421545162791698
39	52	0.6026233893865091
32	49	0.6953997280973657
32	50	0.7113513928033277
32	53	0.6722664667699948
33	16	0.6089433005710181
39	42	0.6256633826645239
32	54	0.6294970621424455
90	71	0.6215190224344611
32	28	0.6204890939418288
32	29	0.6621201628575897
90	74	0.6659866651752591
90	77	0.6094954374231435
32	31	0.616780457821543
31	69	0.6799730391303092
31	72	0.608811948489088
32	35	0.7076334294299728
32	36	0.6871731149917985
90	82	0.7050804955842832
90	84	0.6438814905166679
33	3	0.6139716625416002
33	4	0.6851117971548853
90	86	0.6608567811983992
32	42	0.6105155190468893
41	9	0.6207059214084637
33	41	0.6028361682480302
40	45	0.6185857750090491
33	44	0.6508011969744749
90	94	0.6563689522149065
91	68	0.613663038828196
32	89	0.6626299624675741
33	52	0.6082091282633056
32	88	0.6109395668217457
33	51	0.6358934150855045
34	14	0.6079066065015077
32	62	0.7490375639722526
33	23	0.6286456783238381
32	61	0.6970213549418396
33	24	0.7216459744804774
32	66	0.6711003684566234
33	30	0.6075967744921191
32	65	0.6173438595971672
32	68	0.6810146616055986
32	69	0.7078510064692778
91	77	0.616059587300633
33	37	0.6819017469518804
91	83	0.6150678943496226
32	72	0.6496863334447818
84	71	0.6760576827497266
83	93	0.6298544577294296
84	86	0.6451080008819875
86	9	0.6200760353804556
84	82	0.6056319722837655
83	72	0.6549533410258643
83	66	0.6007703722954688
83	91	0.6150678943496226
83	80	0.6170968826741663
83	77	0.6039359022310057
86	60	0.6418629732378459
86	71	0.6064827386873847
87	36	0.6248263693492715
86	74	0.6203458802763772
86	67	0.6191125620065763
84	97	0.6020649007928103
84	90	0.6438814905166679
85	79	0.6488800753075771
85	73	0.6329917921814758
88	36	0.6023630306033897
87	89	0.6090781688051352
87	91	0.6506666748761635
89	27	0.6621226780727998
89	29	0.6704514026076652
86	84	0.6451080008819875
86	82	0.6239265234761494
86	90	0.6608567811983992
87	50	0.6139956364524546
86	96	0.6109568173938527
86	94	0.820894217446998
88	32	0.6109395668217457
89	66	0.6055318321800891
89	68	0.6598214881961408
89	69	0.6254389200838967
89	72	0.6358660927446044
89	76	0.6356136305584313
89	87	0.6090781688051352
89	88	0.6303301864416464
89	91	0.6537458059688582
89	92	0.6277172416106115
89	93	0.7499293622392366
89	32	0.6626299624675741
89	36	0.6095465635587055
88	72	0.6491896844721052
89	35	0.6923571706357141
89	49	0.6077200680687663
89	50	0.6293679833226887
89	47	0.6313453712640389
89	53	0.6772430059395982
89	54	0.640529784130773
88	89	0.6303301864416464
88	94	0.6278895612055175
90	20	0.6072566703528315
88	93	0.6044765774730056
89	61	0.6036778867466693
89	62	0.7006116262714952
88	96	0.6078806364776976
88	97	0.6068027308095256
77	90	0.6094954374231435
77	83	0.6039359022310057
77	79	0.7219169310165894
77	78	0.7533294454099131
77	75	0.6288248568204744
77	73	0.6908330827206934
76	93	0.6480269582858685
76	89	0.6356136305584313
76	75	0.6008969097464922
76	66	0.6049419552428076
79	75	0.6678841820800188
79	74	0.6566170370140997
79	73	0.6927724980705429
79	80	0.6825764799385443
79	78	0.7331351151875847
79	77	0.7219169310165894
79	51	0.607944390861147
78	79	0.7331351151875847
78	80	0.7345399307109028
78	73	0.6629520191489271
78	77	0.7533294454099131
77	91	0.616059587300633
80	100	0.6326734814811829
80	83	0.6170968826741663
80	79	0.6825764799385443
80	78	0.7345399307109028
79	99	0.6236034761961318
80	73	0.7308387223361592
79	85	0.6488800753075771
80	51	0.6025199770974763
80	52	0.6155079042557378
82	84	0.6056319722837655
82	86	0.6239265234761494
83	53	0.6310013536578968
82	90	0.7050804955842832
82	94	0.6005839597657767
83	27	0.6134621228430809
69	68	0.6972857158140772
69	72	0.6792204981469343
69	93	0.6118722491625559
70	59	0.6078845863314738
69	89	0.6254389200838967
71	33	0.6173004922502281
72	6	0.601630515291027
72	35	0.6319029346272547
72	32	0.6496863334447818
72	31	0.608811948489088
72	27	0.6571714238904739
72	21	0.6064456434691325
71	58	0.6023606171472878
72	50	0.6044833354922039
72	49	0.6378595260229923
71	86	0.6064827386873847
71	84	0.6760576827497266
71	74	0.6323497419214945
72	36	0.6196526127377618
72	65	0.6049200001138915
71	99	0.621682451422051
71	90	0.6215190224344611
72	83	0.6549533410258643
74	4	0.6218482587875536
72	73	0.6103187651638049
72	69	0.6792204981469343
72	68	0.6047224888676787
74	13	0.6154359560886696
72	89	0.6358660927446044
73	51	0.6165598051703814
72	88	0.6491896844721052
72	93	0.6361060800763617
74	24	0.6480001914640852
74	33	0.6727435375611476
73	74	0.6012872788749456
73	72	0.6103187651638049
73	77	0.6908330827206934
75	4	0.6064529393217615
73	78	0.6629520191489271
73	75	0.6163074066291546
74	43	0.6790871220236533
73	80	0.7308387223361592
73	79	0.6927724980705429
73	85	0.6329917921814758
74	51	0.61548408673216
74	57	0.6011840847706225
74	58	0.7059215157887034
74	59	0.621882487634345
73	100	0.6668709594979088
74	71	0.6323497419214945
74	73	0.6012872788749456
74	79	0.6566170370140997
74	75	0.642996776385547
74	86	0.6203458802763772
75	59	0.6045804783276229
74	90	0.6659866651752591
76	29	0.6059981113086591
75	74	0.642996776385547
75	73	0.6163074066291546
75	76	0.6008969097464922
76	35	0.6886649370898237
75	77	0.6288248568204744
75	79	0.6678841820800188
76	53	0.6178686040962403
76	54	0.6120559223486856
76	49	0.625980564069586
76	50	0.647910274896081
76	61	0.6389443375798828
76	62	0.6088695181879435
64	24	0.6347205150658985
62	89	0.7006116262714952
64	16	0.6129188175240822
2	15	0.6022613829742719
64	8	0.6657038458384789
64	9	0.6080711917666854
63	48	0.6003145869860438
62	76	0.6088695181879435
64	3	0.6121204755420441
1	37	0.6536981554161544
65	21	0.6460969726833604
3	4	0.61384111534035
64	44	0.6629817411449408
65	14	0.6590770275468543
3	11	0.6105488648964363
64	37	0.6751193885317984
64	41	0.6106740663684851
64	33	0.6313390895858022
3	33	0.6139716625416002
65	54	0.6274494119396379
65	53	0.6374111714909733
3	44	0.6049271116880193
65	42	0.641035447195043
4	3	0.61384111534035
65	35	0.6035623826045394
65	32	0.6173438595971672
65	29	0.6300270731918791
64	67	0.6169436687852417
64	60	0.6282550867779193
65	26	0.6502447612135145
66	49	0.6752011407379344
67	9	0.6481515312606867
3	64	0.6121204755420441
4	24	0.7017774232387683
4	37	0.6163998172262866
66	36	0.6898004404278102
66	35	0.6805866818217648
65	72	0.6049200001138915
4	33	0.6851117971548853
66	32	0.6711003684566234
65	69	0.6273674262826027
4	15	0.6073294224994402
66	29	0.620188720056244
65	66	0.6228668833264074
66	27	0.6411071586894583
65	61	0.6259141149428266
3	60	0.6114129816026603
4	17	0.6050990863530671
4	16	0.6171735689531225
67	30	0.6424260862452811
66	68	0.6495701122629478
66	69	0.6703545669838108
67	37	0.6284875884761922
4	57	0.637718764911704
66	76	0.6049419552428076
4	59	0.682946327439217
4	58	0.7306144304264636
67	41	0.6327601345456447
68	6	0.6197104246453292
67	43	0.6706619820199298
67	44	0.6791191263452844
66	50	0.7017162813809562
67	16	0.6588541543450337
66	53	0.6879800058659471
5	13	0.6130108764854801
4	51	0.7119811202111058
66	54	0.6292876392499136
5	17	0.6410782602739025
66	56	0.6109619908531297
67	24	0.7036169618496173
66	61	0.6932674151291968
4	44	0.6597740641302257
66	62	0.7182148533299251
66	65	0.6228668833264074
68	27	0.6188858632896499
67	64	0.6169436687852417
68	28	0.7005940146860627
68	35	0.6617913114923204
68	32	0.6810146616055986
68	36	0.624177797009644
66	83	0.6007703722954688
66	89	0.6055318321800891
4	74	0.6218482587875536
67	55	0.6168366264838612
4	75	0.6064529393217615
67	58	0.659854791114413
67	57	0.6422815476582409
68	61	0.6386894313379547
68	62	0.7827105496666816
6	61	0.6193047865557422
68	56	0.6364849932188946
67	94	0.607124724029855
7	17	0.6949071762106853
69	21	0.635373493100836
7	20	0.6124182283007935
69	31	0.6799730391303092
69	32	0.7078510064692778
68	69	0.6972857158140772
7	13	0.6111731842663796
69	27	0.7203373136323602
6	47	0.6092299771704328
69	29	0.6895618424752727
68	66	0.6495701122629478
68	47	0.6217317356250964
68	53	0.684586902115119
68	54	0.6543851573048106
68	49	0.7295405900598513
67	86	0.6191125620065763
6	31	0.6091388432523039
68	50	0.669675925162374
8	17	0.652608321970593
69	56	0.6403164387029958
68	93	0.6178264031415774
8	16	0.6349365181861525
69	53	0.7340086135271707
8	15	0.6785041935224331
69	54	0.6629059791860307
68	91	0.613663038828196
8	13	0.7051766686679214
68	89	0.6598214881961408
69	65	0.6273674262826027
69	66	0.6703545669838108
69	61	0.6806597424052707
69	62	0.660203592644199
69	42	0.6148261244670873
7	37	0.6132709850688302
6	72	0.601630515291027
69	36	0.7693673058072548
7	33	0.603994697682293
69	35	0.6744633041923407
68	72	0.6047224888676787
69	50	0.7010953417270684
6	68	0.6197104246453292
69	49	0.6388981053348156
69	48	0.6238098763594394
