58	59	0.654822507705081
58	60	0.6222435426292625
59	24	0.6037125675769683
58	64	0.6371364405715672
59	30	0.6305082304798172
58	67	0.6693768990307423
59	33	0.6448194826322153
9	86	0.6241811151184695
60	1	0.6103147997758251
59	37	0.6711878630353167
58	74	0.6854199964122756
59	44	0.6178786522307668
11	36	0.6126310490059883
60	9	0.6280614282628136
58	86	0.6161298281994507
9	58	0.6688474176577679
9	57	0.6961018027951305
9	55	0.6381166813409354
58	33	0.6596514930896265
57	67	0.64199266131501
9	60	0.6280614282628136
9	59	0.6023946549061551
58	37	0.7019735737540318
57	74	0.6087580203642585
59	4	0.6099779008336053
58	44	0.7855846583987646
58	43	0.6553236186676497
11	3	0.665156138576972
59	9	0.6023946549061551
59	16	0.6028068888985407
58	51	0.6122839905813706
9	64	0.6369997608875936
58	57	0.7714463162994164
59	18	0.6245814726567822
9	67	0.6890822654695892
57	37	0.6658068670666207
9	24	0.6740526234691298
56	69	0.6266572121066775
9	23	0.6207607541801421
57	33	0.6411731132609269
57	43	0.6537176017153097
57	44	0.7826046828845084
58	9	0.6688474176577679
9	16	0.617781090517501
58	4	0.7343048050013761
58	15	0.664872917817223
9	43	0.661037776438199
9	44	0.7022601179184792
58	17	0.6479028442080326
58	16	0.7542007857618216
58	13	0.6260194839878161
57	59	0.6574689151633462
9	37	0.61864635006498
58	24	0.7224908497133185
58	18	0.6677290027411007
57	58	0.7714463162994164
57	4	0.6424617024926838
56	36	0.606727288024474
56	50	0.6228155777703959
56	49	0.6126543686560044
57	9	0.6961018027951305
56	54	0.6116730795549172
57	16	0.7119680171037199
56	53	0.6612074635842496
57	30	0.6037497354564417
56	62	0.659119114680039
57	24	0.7162327241399773
62	47	0.6086980312865636
62	49	0.7022190329342469
62	48	0.6195589205561147
62	50	0.677812781461681
62	53	0.6747448497391484
61	89	0.6159330881447337
14	29	0.6074160456669148
14	39	0.6460641390855545
15	4	0.6223189080330127
62	66	0.6361359154584499
62	68	0.7155285434649755
15	8	0.6891720808153503
62	69	0.6418052546819706
62	54	0.7063419300528191
14	46	0.6078305709201095
62	56	0.659119114680039
15	13	0.6976315582278279
15	16	0.7235173630651435
62	61	0.67681820772802
61	54	0.678768624019253
61	53	0.6748707657363378
13	37	0.6319280319455669
61	50	0.7283624676100415
61	49	0.6160360450124539
60	86	0.6512084371175018
62	32	0.6822422630998715
61	69	0.660322804058957
13	44	0.662713315644542
62	31	0.6140435160626909
61	68	0.6062046830965876
62	36	0.6905978726203228
14	12	0.6113931275306626
62	35	0.7110109827622567
61	62	0.67681820772802
62	28	0.6139395558028196
61	65	0.6284877063402257
14	21	0.6422414566998845
13	58	0.6260194839878161
61	66	0.6856814799725977
62	27	0.6460094658529655
59	99	0.6008580049084656
12	34	0.6033989946146561
60	58	0.6222435426292625
59	95	0.6050451417766902
13	8	0.6429131698980223
12	47	0.6522836030756961
61	12	0.6254323244546146
13	16	0.6713069979979168
13	15	0.6976315582278279
61	42	0.6105679467050528
13	17	0.6379222816266608
61	35	0.6653369496043764
61	36	0.7137677138837736
61	31	0.6981320090494925
12	61	0.6254323244546146
61	32	0.6601422915096151
61	27	0.695741065205824
61	28	0.6417374508577179
61	29	0.6166528922391876
60	67	0.6632604639848443
59	67	0.6275582838282705
59	64	0.626029460310124
11	39	0.614760320636812
58	99	0.6178019538038617
60	24	0.6006168354898965
12	14	0.6113931275306626
59	58	0.654822507705081
59	57	0.6574689151633462
11	50	0.6028102398441291
60	16	0.6347935262115839
58	90	0.6103839296065929
60	44	0.6389311618828193
61	6	0.6436651443062249
60	43	0.6408792032884746
60	41	0.6448679193921352
60	37	0.6215252595826144
60	33	0.6189567241815696
52	41	0.6183675890751437
52	51	0.7535194176061755
18	20	0.601570332397314
16	94	0.6040526122252131
17	58	0.6479028442080326
18	19	0.6879546977562112
52	26	0.6548126556586367
52	25	0.6004058703743816
18	16	0.6730868840340917
18	15	0.6286198585520167
17	51	0.6038468720118769
52	34	0.6066123023400108
17	41	0.606077916491242
52	33	0.6070592734693004
50	87	0.6045927458492039
51	52	0.7535194176061755
50	89	0.6864014275818726
16	74	0.6763755385026587
16	60	0.6347935262115839
50	93	0.662235288591247
52	21	0.636578265675406
51	58	0.6122839905813706
16	64	0.6286247221602218
16	67	0.6460921217767097
50	66	0.711598381827601
17	16	0.6313505659640297
51	30	0.6126123696656031
17	15	0.6282587098072772
50	68	0.6773287510303189
50	69	0.6570463452650538
51	33	0.6086437311876454
16	57	0.7119680171037199
50	72	0.6257387125500445
16	59	0.6028068888985407
16	58	0.7542007857618216
17	8	0.6647148989347107
16	44	0.738408700986297
52	2	0.6032832400458416
50	76	0.6242945012170248
52	4	0.6207576278275846
17	13	0.6379222816266608
17	5	0.6383971399394924
50	56	0.6228155777703959
16	43	0.6308690175434715
51	17	0.6038468720118769
50	54	0.648143857197954
17	4	0.6293618332131078
50	53	0.6969115871305441
49	89	0.6296851827487694
16	37	0.6493113375528248
50	65	0.6230997770057367
51	26	0.6005953509345502
50	62	0.677812781461681
16	33	0.6605432032618557
51	24	0.6422853550377483
50	61	0.7283624676100415
51	4	0.6831900343627507
51	2	0.6000697912387709
16	24	0.6745011884300087
50	36	0.7692743538897586
15	58	0.664872917817223
50	35	0.7346864020245971
49	72	0.6323797458332386
16	20	0.6284409815336488
50	49	0.6841433893511357
16	18	0.6730868840340917
16	17	0.6313505659640297
16	15	0.7235173630651435
50	45	0.6008501985461822
50	42	0.6373144554682538
16	13	0.6713069979979168
16	8	0.6109066390767364
16	9	0.617781090517501
49	62	0.7022190329342469
49	61	0.6160360450124539
49	56	0.6126543686560044
16	4	0.6663493669327047
50	21	0.6516545916393343
15	44	0.6803489245566423
50	31	0.6307771582745025
49	68	0.6957097366224874
15	37	0.6349237617742878
50	32	0.7831215537832975
49	69	0.6302739542811278
50	27	0.6821827274410299
50	29	0.7336728806553448
49	66	0.6189015173190244
49	65	0.6069057131480099
14	65	0.6055223411514035
49	42	0.6234984977055074
49	53	0.649120482895313
49	54	0.6656480867830656
49	47	0.6148639186620364
15	18	0.6286198585520167
50	11	0.6028102398441291
15	17	0.6282587098072772
49	50	0.6841433893511357
14	56	0.6050298668842254
55	67	0.659987564845374
20	74	0.6179250791150017
21	36	0.6108648413428934
56	29	0.66405168364859
21	35	0.6954897724653932
21	42	0.6391772923940287
56	35	0.6163525115903974
56	21	0.6545689607266775
56	26	0.6009439549943436
21	50	0.6516545916393343
55	64	0.602742144407201
21	49	0.624425786480983
54	89	0.6939680191794159
56	14	0.6050298668842254
54	93	0.6045923112095948
21	26	0.6684364112980545
54	91	0.6117903231563194
21	29	0.6696400219733921
55	43	0.6007028832743152
54	62	0.7063419300528191
21	14	0.6422414566998845
54	65	0.6566726224374322
54	66	0.6149811420101394
54	68	0.6541452821210866
54	69	0.6338679580735735
54	56	0.6116730795549172
53	93	0.6103163696903157
55	24	0.6354197007170713
54	61	0.678768624019253
55	9	0.6381166813409354
54	49	0.6656480867830656
54	50	0.648143857197954
54	53	0.6577929480878382
54	36	0.6204671316376817
54	35	0.6550177427924727
54	32	0.6771150971094053
53	69	0.6862414006237013
20	19	0.6842270535054815
20	18	0.601570332397314
54	31	0.6212440578303968
53	68	0.6329263050215429
20	16	0.6284409815336488
54	29	0.6488738818088101
53	66	0.61039485847067
53	65	0.6332135727493808
54	27	0.6505795276560036
52	100	0.6473311855871549
53	62	0.6747448497391484
53	61	0.6748707657363378
54	21	0.628628231837048
20	7	0.6123151280539685
53	56	0.6612074635842496
53	54	0.6577929480878382
19	18	0.6879546977562112
53	49	0.649120482895313
19	20	0.6842270535054815
53	50	0.6969115871305441
17	100	0.6066399577416709
53	42	0.6298428673583354
53	35	0.7051005489200759
18	59	0.6245814726567822
53	36	0.687281478709798
18	58	0.6677290027411007
53	32	0.6511819383702118
17	75	0.6199409707823464
53	31	0.6354914761190769
53	29	0.714345682783129
53	26	0.6122134873339287
51	100	0.6060131357798256
18	44	0.6480408192363843
53	21	0.6367554363352019
44	37	0.6935783222450904
43	74	0.6032742120132603
24	16	0.6745011884300087
43	71	0.6033103676764013
44	33	0.67210335164377
24	9	0.6740526234691298
23	46	0.6084573464779804
44	43	0.639232306747971
24	4	0.6413823383421806
24	33	0.6852360279306625
24	30	0.6291290093931923
43	86	0.6392547313073867
44	60	0.6389311618828193
45	22	0.602191584844245
44	59	0.6178786522307668
44	58	0.7855846583987646
44	57	0.7826046828845084
24	51	0.6422853550377483
44	64	0.6095762230697604
24	44	0.6928122255830689
44	67	0.6449421023405415
24	43	0.6936431235840329
24	37	0.6323869140472114
24	64	0.6133673378904552
45	50	0.6008501985461822
24	67	0.7167368860141182
44	86	0.6242828238326981
24	60	0.6006168354898965
24	57	0.7162327241399773
24	58	0.7224908497133185
24	59	0.6037125675769683
46	14	0.6078305709201095
24	55	0.6354197007170713
100	98	0.6319565434457515
42	49	0.6234984977055074
21	65	0.6723038939646092
43	9	0.661037776438199
42	46	0.6306592078097715
21	54	0.628628231837048
43	16	0.6308690175434715
42	53	0.6298428673583354
21	53	0.6367554363352019
20	90	0.6026694891701024
42	50	0.6373144554682538
21	52	0.636578265675406
21	56	0.6545689607266775
100	83	0.6028811776404498
43	24	0.6936431235840329
42	61	0.6105679467050528
100	80	0.6489093163567214
42	65	0.6556737224690254
22	45	0.602191584844245
100	85	0.6690848490698091
42	69	0.604993830091414
100	73	0.6246556288140653
43	37	0.6334005420843046
44	4	0.7051962620396588
43	41	0.6163892561419448
21	98	0.6108033541869153
43	44	0.639232306747971
44	9	0.7022601179184792
23	9	0.6207607541801421
44	13	0.662713315644542
44	15	0.6803489245566423
23	33	0.6079825868945588
44	16	0.738408700986297
44	18	0.6480408192363843
43	55	0.6007028832743152
43	58	0.6553236186676497
43	57	0.6537176017153097
43	60	0.6408792032884746
24	3	0.6077661371612381
44	24	0.6928122255830689
21	100	0.6266191187945511
43	64	0.6012820674028325
43	67	0.7006658628711403
48	27	0.6431344807414828
26	65	0.6770413653727658
47	63	0.6064691010193977
47	62	0.6086980312865636
98	100	0.6319565434457515
27	35	0.6851534425724455
27	36	0.6818248870549893
27	31	0.6291101323504149
26	69	0.6102455334160947
27	32	0.6353843254189135
27	29	0.6389783209442808
47	49	0.6148639186620364
98	83	0.6168881508806806
99	59	0.6008580049084656
48	35	0.6270660993944798
27	50	0.6821827274410299
99	58	0.6178019538038617
100	21	0.6266191187945511
27	49	0.6650006989743705
27	48	0.6431344807414828
47	68	0.6702169322897809
100	17	0.6066399577416709
47	93	0.6089321576278148
49	21	0.624425786480983
27	54	0.6505795276560036
47	89	0.6567878269371348
47	92	0.6160663091749993
99	95	0.6247344163938586
27	66	0.6262325812239523
27	61	0.695741065205824
27	62	0.6460094658529655
49	35	0.6798413946913977
49	36	0.6362724479986392
99	84	0.6051344530145235
27	69	0.631979683283342
49	32	0.6362763056041284
48	69	0.6015840476800659
27	72	0.6004690058290854
100	52	0.6473311855871549
49	27	0.6650006989743705
28	47	0.6526708340354808
49	29	0.6518536825961222
48	62	0.6195589205561147
100	51	0.6060131357798256
46	32	0.610817821753726
97	71	0.6103359175949052
24	74	0.6154048410099744
46	36	0.6135035248140043
46	23	0.6084573464779804
46	29	0.6002748140590578
46	26	0.6538280883375636
96	94	0.6699268928940496
96	95	0.6481224834806212
98	21	0.6108033541869153
24	86	0.6055400493326146
47	12	0.6522836030756961
25	52	0.6004058703743816
96	97	0.667727905609658
26	21	0.6684364112980545
46	42	0.6306592078097715
47	28	0.6526708340354808
26	29	0.6011883316089578
26	31	0.6601542497008859
26	35	0.6158128087337651
98	80	0.6049108363193303
97	88	0.6527602156801539
26	42	0.6388096121273515
26	46	0.6538280883375636
97	93	0.6294810540723708
26	51	0.6005953509345502
97	96	0.667727905609658
26	53	0.6122134873339287
26	52	0.6548126556586367
26	56	0.6009439549943436
31	29	0.6335080432301636
36	93	0.6534519204056944
30	67	0.6501255411906304
37	58	0.7019735737540318
37	57	0.6658068670666207
36	89	0.6324847103706951
31	26	0.6601542497008859
36	88	0.6694921168677145
31	27	0.6291101323504149
30	59	0.6305082304798172
37	60	0.6215252595826144
37	59	0.6711878630353167
29	93	0.6056791777340255
30	57	0.6037497354564417
30	51	0.6126123696656031
36	76	0.6202589678188445
95	94	0.6205158097728342
37	41	0.616882164312285
95	96	0.6481224834806212
29	89	0.6499241158399169
36	72	0.6276250867500773
31	6	0.6273432895691017
37	43	0.6334005420843046
37	44	0.6935783222450904
30	41	0.6052864364127358
32	27	0.6353843254189135
31	61	0.6981320090494925
39	14	0.6460641390855545
31	62	0.6140435160626909
39	11	0.614760320636812
31	53	0.6354914761190769
31	54	0.6212440578303968
95	99	0.6247344163938586
96	62	0.6122577714048336
31	50	0.6307771582745025
96	91	0.636170635474896
96	88	0.6156579616965637
38	35	0.6047910649563567
37	67	0.6223571721663707
30	74	0.6151262265647337
39	6	0.6082688531075737
31	36	0.6288400664396505
31	35	0.6089398201149557
30	70	0.6197739418181162
29	35	0.6989646815599554
35	62	0.7110109827622567
29	36	0.6485825248226795
35	61	0.6653369496043764
36	27	0.6818248870549893
93	88	0.6963270867425164
36	29	0.6485825248226795
35	66	0.6995078357544774
35	65	0.6233938739090807
36	31	0.6288400664396505
35	68	0.6833697738830202
29	42	0.6465601854050844
93	89	0.7054201809914069
29	27	0.6389783209442808
93	76	0.6478428698466837
36	32	0.7270271446463958
35	69	0.6519305330615334
36	35	0.7621727111240663
35	72	0.6316891423057278
28	68	0.6726487852599963
29	31	0.6335080432301636
29	32	0.6300336817189535
37	1	0.6276144739340739
27	93	0.6049571042398975
29	21	0.6696400219733921
36	11	0.6126310490059883
35	48	0.6270660993944798
28	61	0.6417374508577179
35	49	0.6798413946913977
94	67	0.6163922902858096
35	50	0.7346864020245971
29	26	0.6011883316089578
28	62	0.6139395558028196
35	53	0.7051005489200759
93	92	0.6505216616146101
35	54	0.6550177427924727
29	14	0.6074160456669148
35	56	0.6163525115903974
27	89	0.6195099144689806
36	21	0.6108648413428934
93	97	0.6294810540723708
29	69	0.6486601548167878
30	33	0.6754464803247842
36	56	0.606727288024474
35	93	0.6173027007616714
36	62	0.6905978726203228
37	24	0.6323869140472114
36	61	0.7137677138837736
94	82	0.6014386981366473
29	61	0.6166528922391876
30	24	0.6291290093931923
36	66	0.7307559070420165
36	65	0.617064311035708
29	65	0.6131763406732799
29	66	0.6060765628235795
37	33	0.6338779193991116
36	69	0.7139590676749855
94	96	0.6699268928940496
95	59	0.6050451417766902
29	54	0.6488738818088101
29	53	0.714345682783129
94	95	0.6205158097728342
37	4	0.6117542149241182
37	9	0.61864635006498
36	46	0.6135035248140043
29	56	0.66405168364859
94	88	0.6003195035642352
29	46	0.6002748140590578
37	13	0.6319280319455669
36	50	0.7692743538897586
35	88	0.6106124202670271
94	86	0.7503178517189162
36	49	0.6362724479986392
94	92	0.6100057527105484
29	50	0.7336728806553448
36	54	0.6204671316376817
29	49	0.6518536825961222
94	90	0.6815067431577917
37	15	0.6349237617742878
35	89	0.6088310420017854
94	91	0.6560732328865413
37	16	0.6493113375528248
36	53	0.687281478709798
91	89	0.6177285860683811
41	43	0.6163892561419448
91	87	0.6257682440225232
33	74	0.6283285731479487
91	88	0.6442616489126707
41	37	0.616882164312285
91	94	0.6560732328865413
91	96	0.636170635474896
33	59	0.6448194826322153
33	60	0.6189567241815696
41	30	0.6052864364127358
93	27	0.6049571042398975
33	57	0.6411731132609269
33	58	0.6596514930896265
92	66	0.6236930825397978
93	29	0.6056791777340255
93	36	0.6534519204056944
92	72	0.6922288644133294
93	35	0.6173027007616714
33	64	0.6348682159343532
41	17	0.606077916491242
35	36	0.7621727111240663
93	50	0.662235288591247
93	47	0.6089321576278148
42	39	0.6161704322617516
35	32	0.7238234574515343
35	31	0.6089398201149557
35	29	0.6989646815599554
92	94	0.6100057527105484
41	67	0.6355404906512647
92	93	0.6505216616146101
93	53	0.6103163696903157
94	16	0.6040526122252131
93	54	0.6045923112095948
42	29	0.6465601854050844
92	88	0.6397646229124494
35	38	0.6047910649563567
42	26	0.6388096121273515
92	89	0.6298583608566649
41	64	0.6294763234113526
41	60	0.6448679193921352
34	52	0.6066123023400108
42	21	0.6391772923940287
35	27	0.6851534425724455
93	72	0.6493935852911435
41	52	0.6183675890751437
35	26	0.6158128087337651
35	21	0.6954897724653932
90	58	0.6103839296065929
32	46	0.610817821753726
32	49	0.6362763056041284
32	50	0.7831215537832975
32	53	0.6511819383702118
33	16	0.6605432032618557
31	89	0.6073029722413852
39	42	0.6161704322617516
32	54	0.6771150971094053
90	71	0.6245460745139033
32	29	0.6300336817189535
31	69	0.6696074864422112
90	79	0.6298476750745198
32	35	0.7238234574515343
32	36	0.7270271446463958
90	82	0.6745578755799961
90	84	0.6204689158302286
33	3	0.6441019621285015
33	4	0.7107667814788705
90	86	0.6235882015116017
32	76	0.601431305413795
91	54	0.6117903231563194
33	44	0.67210335164377
90	94	0.6815067431577917
34	12	0.6033989946146561
32	89	0.6187213405794463
33	52	0.6070592734693004
33	51	0.6086437311876454
41	4	0.6382223436665028
32	62	0.6822422630998715
33	23	0.6079825868945588
32	61	0.6601422915096151
33	24	0.6852360279306625
32	66	0.6804939705777252
33	30	0.6754464803247842
32	68	0.699862845478068
32	69	0.6524447460506113
33	37	0.6338779193991116
92	47	0.6160663091749993
32	72	0.6430370227242718
83	98	0.6168881508806806
83	100	0.6028811776404498
86	9	0.6241811151184695
84	82	0.6162220758449732
83	76	0.6084413113695007
83	73	0.6110013751878013
83	80	0.6011632337992776
86	58	0.6161298281994507
86	60	0.6512084371175018
86	71	0.6319158251779173
86	74	0.622967388603575
85	100	0.6690848490698091
86	67	0.6981051740086462
86	24	0.6055400493326146
84	99	0.6051344530145235
84	90	0.6204689158302286
86	44	0.6242828238326981
86	43	0.6392547313073867
88	36	0.6694921168677145
87	76	0.6268322874705202
87	88	0.6694647190788441
87	91	0.6257682440225232
89	27	0.6195099144689806
89	29	0.6499241158399169
86	82	0.6439193726641932
86	90	0.6235882015116017
87	50	0.6045927458492039
86	94	0.7503178517189162
88	35	0.6106124202670271
89	66	0.652000114612471
89	68	0.6610007431615331
89	69	0.612596316555881
89	72	0.6912533983324911
89	76	0.6913605637799064
89	78	0.6248951148447416
89	88	0.6386522440418968
89	91	0.6177285860683811
89	92	0.6298583608566649
89	93	0.7054201809914069
89	32	0.6187213405794463
89	31	0.6073029722413852
89	36	0.6324847103706951
89	35	0.6088310420017854
89	49	0.6296851827487694
89	50	0.6864014275818726
88	87	0.6694647190788441
89	47	0.6567878269371348
89	54	0.6939680191794159
88	91	0.6442616489126707
88	89	0.6386522440418968
90	20	0.6026694891701024
88	94	0.6003195035642352
88	92	0.6397646229124494
88	93	0.6963270867425164
89	61	0.6159330881447337
89	62	0.7017075830034719
88	96	0.6156579616965637
88	97	0.6527602156801539
77	80	0.6286754868034516
77	79	0.7302423667376498
77	78	0.7590770497802597
77	76	0.6192941171767775
77	75	0.6167311173934055
77	73	0.7165896483424239
76	93	0.6478428698466837
76	89	0.6913605637799064
76	87	0.6268322874705202
76	80	0.6064585086646503
76	83	0.6084413113695007
76	77	0.6192941171767775
76	78	0.6145906645342343
76	72	0.6519547848522873
76	66	0.6203093977777348
79	73	0.6724220742615691
79	80	0.7198007551361326
79	78	0.7001890782809662
79	77	0.7302423667376498
78	89	0.6248951148447416
78	79	0.7001890782809662
78	80	0.7083158527043849
78	73	0.696872459535968
78	72	0.6098620376001802
78	77	0.7590770497802597
78	76	0.6145906645342343
80	98	0.6049108363193303
80	100	0.6489093163567214
80	83	0.6011632337992776
80	81	0.6076665277829904
80	79	0.7198007551361326
80	78	0.7083158527043849
80	77	0.6286754868034516
80	76	0.6064585086646503
80	72	0.621213675777407
80	73	0.7074481588436999
80	75	0.6175449832180611
79	90	0.6298476750745198
82	84	0.6162220758449732
82	86	0.6439193726641932
82	90	0.6745578755799961
82	94	0.6014386981366473
82	71	0.6774523416654925
81	80	0.6076665277829904
70	30	0.6197739418181162
69	68	0.6760629032241339
69	72	0.6432848453862554
69	89	0.612596316555881
70	67	0.6140926958978048
71	43	0.6033103676764013
72	35	0.6316891423057278
72	32	0.6430370227242718
72	27	0.6004690058290854
72	50	0.6257387125500445
72	49	0.6323797458332386
71	86	0.6319158251779173
71	82	0.6774523416654925
72	36	0.6276250867500773
71	97	0.6103359175949052
71	90	0.6245460745139033
72	80	0.621213675777407
72	76	0.6519547848522873
72	78	0.6098620376001802
72	69	0.6432848453862554
74	16	0.6763755385026587
72	89	0.6912533983324911
74	20	0.6179250791150017
72	93	0.6493935852911435
72	92	0.6922288644133294
74	24	0.6154048410099744
74	33	0.6283285731479487
74	30	0.6151262265647337
73	74	0.6617816319490832
73	77	0.7165896483424239
75	4	0.6417772710017933
73	78	0.696872459535968
73	75	0.6463320449763114
74	43	0.6032742120132603
73	80	0.7074481588436999
73	79	0.6724220742615691
73	83	0.6110013751878013
75	17	0.6199409707823464
74	57	0.6087580203642585
74	58	0.6854199964122756
73	100	0.6246556288140653
74	67	0.6223467166046163
74	73	0.6617816319490832
74	75	0.6466846310581343
74	86	0.622967388603575
75	74	0.6466846310581343
76	36	0.6202589678188445
75	73	0.6463320449763114
76	32	0.601431305413795
75	77	0.6167311173934055
75	80	0.6175449832180611
76	50	0.6242945012170248
62	96	0.6122577714048336
64	24	0.6133673378904552
62	89	0.7017075830034719
64	16	0.6286247221602218
64	9	0.6369997608875936
63	47	0.6064691010193977
64	3	0.6088577852667463
1	37	0.6276144739340739
64	55	0.602742144407201
64	59	0.626029460310124
65	21	0.6723038939646092
64	58	0.6371364405715672
64	44	0.6095762230697604
65	14	0.6055223411514035
3	11	0.665156138576972
64	43	0.6012820674028325
1	60	0.6103147997758251
64	41	0.6294763234113526
64	33	0.6348682159343532
3	33	0.6441019621285015
65	54	0.6566726224374322
65	53	0.6332135727493808
65	50	0.6230997770057367
65	49	0.6069057131480099
65	42	0.6556737224690254
65	35	0.6233938739090807
65	36	0.617064311035708
2	51	0.6000697912387709
2	52	0.6032832400458416
65	29	0.6131763406732799
3	24	0.6077661371612381
65	26	0.6770413653727658
66	49	0.6189015173190244
67	9	0.6890822654695892
3	64	0.6088577852667463
4	24	0.6413823383421806
4	37	0.6117542149241182
66	36	0.7307559070420165
66	35	0.6995078357544774
4	33	0.7107667814788705
66	32	0.6804939705777252
65	69	0.6184507732340304
4	15	0.6223189080330127
66	29	0.6060765628235795
66	27	0.6262325812239523
65	61	0.6284877063402257
4	17	0.6293618332131078
4	16	0.6663493669327047
67	30	0.6501255411906304
66	68	0.6466358931909341
66	69	0.6007473305006064
67	37	0.6223571721663707
4	57	0.6424617024926838
66	76	0.6203093977777348
4	59	0.6099779008336053
4	58	0.7343048050013761
67	41	0.6355404906512647
68	6	0.6179998399628949
67	43	0.7006658628711403
67	44	0.6449421023405415
66	50	0.711598381827601
67	16	0.6460921217767097
66	53	0.61039485847067
4	51	0.6831900343627507
4	52	0.6207576278275846
66	54	0.6149811420101394
5	17	0.6383971399394924
4	41	0.6382223436665028
67	24	0.7167368860141182
66	61	0.6856814799725977
4	44	0.7051962620396588
66	62	0.6361359154584499
68	28	0.6726487852599963
68	35	0.6833697738830202
68	32	0.699862845478068
67	70	0.6140926958978048
67	74	0.6223467166046163
66	89	0.652000114612471
67	55	0.659987564845374
66	92	0.6236930825397978
4	75	0.6417772710017933
67	60	0.6632604639848443
67	59	0.6275582838282705
67	58	0.6693768990307423
67	57	0.64199266131501
68	61	0.6062046830965876
68	62	0.7155285434649755
6	61	0.6436651443062249
69	26	0.6102455334160947
67	94	0.6163922902858096
7	20	0.6123151280539685
69	31	0.6696074864422112
69	32	0.6524447460506113
68	69	0.6760629032241339
69	27	0.631979683283342
69	29	0.6486601548167878
68	66	0.6466358931909341
68	47	0.6702169322897809
7	8	0.6225295526829295
6	39	0.6082688531075737
68	53	0.6329263050215429
68	54	0.6541452821210866
68	49	0.6957097366224874
67	86	0.6981051740086462
6	31	0.6273432895691017
68	50	0.6773287510303189
8	17	0.6647148989347107
69	56	0.6266572121066775
8	16	0.6109066390767364
69	53	0.6862414006237013
8	15	0.6891720808153503
69	54	0.6338679580735735
8	13	0.6429131698980223
68	89	0.6610007431615331
69	65	0.6184507732340304
69	66	0.6007473305006064
69	61	0.660322804058957
8	7	0.6225295526829295
69	62	0.6418052546819706
69	42	0.604993830091414
69	36	0.7139590676749855
69	35	0.6519305330615334
69	50	0.6570463452650538
6	68	0.6179998399628949
69	49	0.6302739542811278
69	48	0.6015840476800659
