58	59	0.6219325614179483
58	60	0.6083383445417601
59	24	0.6221445392862865
58	64	0.6564515989090138
59	30	0.6239643486508033
58	67	0.6098492565904712
59	33	0.6594854014895006
58	71	0.6101292848205718
58	75	0.6015808254679981
58	74	0.6737266764756074
60	3	0.6061668593721524
11	31	0.6199411583853454
59	44	0.619371451107033
59	43	0.6143425958413287
60	9	0.6249554936938689
11	21	0.6145941122156688
60	8	0.6558445918075004
9	58	0.6343389410761321
9	57	0.6694416257001491
57	64	0.640071353945971
58	33	0.6307545877136957
57	67	0.6349212442436519
9	60	0.6249554936938689
9	59	0.6316420861816813
58	37	0.7094138492023484
57	74	0.6390243573272303
59	4	0.6253167399321005
10	15	0.6200575076843461
58	44	0.7906795197670504
58	43	0.6550904619043942
59	9	0.6316420861816813
59	16	0.6180658321859713
58	57	0.7716189838115043
59	18	0.6212063163221345
9	67	0.6894794037371906
8	64	0.6097881622416076
57	37	0.6569382224960005
9	24	0.7466084181749288
8	60	0.6558445918075004
57	33	0.7016833213500573
57	43	0.6482297489094138
57	44	0.8179311958776303
58	9	0.6343389410761321
9	16	0.6060088352653934
58	4	0.7214346732208432
58	15	0.6535322396954777
9	43	0.6679793005093038
9	44	0.7261121856761525
58	17	0.6641978729571094
10	8	0.6060581674009049
58	16	0.7453837597358586
58	13	0.7065794735140338
57	60	0.6041694136326434
57	59	0.6126520238883522
58	24	0.7127894058095204
58	18	0.6214484989779278
57	58	0.7716189838115043
9	33	0.6374570017879313
56	42	0.6212348415944724
57	4	0.6552540353479301
56	38	0.6078781866608222
56	36	0.629353514479959
57	13	0.6381860892566678
8	24	0.6050123620693775
57	9	0.6694416257001491
56	54	0.6834542311419747
57	16	0.7111987363957244
56	53	0.6123939211533439
8	44	0.6171739940242154
9	4	0.6168449594891279
57	24	0.7026090758455383
62	47	0.6345544544444492
62	49	0.7382013578686824
62	48	0.6000468068802288
14	26	0.6439767815243002
62	50	0.6674168483068958
14	27	0.6280074218266777
63	16	0.6035280655905236
62	53	0.6405799121973451
14	29	0.6014451712805184
61	76	0.6008525592698367
14	34	0.6322313348022286
14	35	0.6123492005433936
62	65	0.6121889511600618
62	66	0.6486839652232115
14	42	0.616049551713626
62	68	0.7192600511946652
15	8	0.6274676816954825
62	69	0.6761844703141718
62	54	0.669939073141707
15	10	0.6200575076843461
15	13	0.6838699794676084
14	50	0.6171487983856071
15	16	0.7236978095167899
62	61	0.7041137647990007
61	54	0.6649860937305337
61	53	0.6484930182583412
13	33	0.6154078207003075
13	37	0.6470065598934376
12	72	0.614389196538037
61	50	0.705231148980243
61	49	0.679979339851337
60	86	0.6285384622771852
62	32	0.6839067311920454
61	69	0.7052966134173113
13	44	0.6700208927131923
61	68	0.6642467471646701
62	36	0.7128065653877333
62	35	0.6849288137565642
61	72	0.603067500715346
61	62	0.7041137647990007
12	89	0.6010808599988464
62	28	0.6562045359853989
61	65	0.6033584433088776
13	58	0.7065794735140338
62	29	0.6237046086868595
61	66	0.6862188288600786
13	57	0.6381860892566678
62	27	0.6500795564113095
60	57	0.6041694136326434
61	21	0.6875768511809651
60	58	0.6083383445417601
13	7	0.6145962027580447
13	8	0.6494204755171901
12	45	0.6168283412016685
12	47	0.6199883809194591
61	14	0.6020606551449665
13	16	0.6646384762183505
12	53	0.6028846442047593
13	15	0.6838699794676084
61	42	0.6159830739891736
13	17	0.6693894353055063
61	35	0.6467064979353768
61	36	0.6532530741160555
61	31	0.7663068359881666
61	32	0.7009104922580449
61	27	0.6794990110938022
60	64	0.620268422978351
61	29	0.6482413227519707
59	67	0.6015751789231497
59	64	0.6313662526102121
59	63	0.6172471097155576
58	99	0.6294027643296597
59	58	0.6219325614179483
59	57	0.6126520238883522
11	50	0.6431093769435544
60	44	0.6319148338910027
61	6	0.6864200545038206
60	43	0.6201370597216899
11	65	0.6015675908471966
60	33	0.627161888128194
51	80	0.6174018254490472
51	79	0.6325818258888322
52	41	0.647496335949979
52	51	0.7097366627822209
17	58	0.6641978729571094
53	12	0.6028846442047593
51	85	0.6107484931786659
18	19	0.6244085089473201
16	86	0.6065133819637674
18	16	0.692276884710201
52	34	0.6346904889083465
17	39	0.619429214312461
51	74	0.6084945683034392
51	52	0.7097366627822209
50	89	0.6151594231654987
16	74	0.6493141096658068
16	63	0.6035280655905236
52	21	0.6350579783587846
16	64	0.6087756289393076
16	67	0.6479098301740369
50	66	0.6790361238804863
17	16	0.6569595430537016
51	30	0.62708453264757
17	15	0.6517148030489681
50	68	0.630977938607824
16	55	0.6152717441015995
50	69	0.724818169015714
51	33	0.6035693195411082
16	57	0.7111987363957244
51	34	0.6365811698974659
50	72	0.6623586237508929
16	59	0.6180658321859713
16	58	0.7453837597358586
17	8	0.6601728471071034
17	7	0.606171524043168
16	44	0.7207207989697617
51	41	0.6083498593411909
17	13	0.6693894353055063
17	5	0.6239919768783595
50	54	0.6796485552775855
17	4	0.64246197419514
50	53	0.7156623592456711
49	89	0.6606005183438177
16	37	0.658119261707374
50	65	0.6222391863259394
50	62	0.6674168483068958
51	24	0.6100636238813981
50	61	0.705231148980243
51	4	0.6963903041045629
49	76	0.6088476847866684
16	24	0.687690167345884
50	36	0.7242418178076557
15	58	0.6535322396954777
50	35	0.7410721259901752
16	19	0.6085987576397471
50	49	0.7119198744154163
16	18	0.692276884710201
16	17	0.6569595430537016
49	81	0.6052739574842062
16	15	0.7236978095167899
50	45	0.6131509773271158
50	42	0.678662032415113
16	13	0.6646384762183505
16	8	0.6987026557941622
16	9	0.6060088352653934
49	62	0.7382013578686824
49	61	0.679979339851337
16	4	0.6163003264331262
50	21	0.6752349067874328
15	44	0.659029426863782
50	31	0.6812783720718059
49	68	0.7564917558463409
15	37	0.7002781559997526
50	32	0.7487848871392
49	69	0.6973776850853444
50	27	0.7535454362189141
50	29	0.7550111659053573
49	66	0.7098464025174528
49	65	0.6316360175450428
14	66	0.6110332703520527
14	65	0.6140278202472761
49	42	0.6074539790665217
50	14	0.6171487983856071
49	53	0.6981525444937968
14	61	0.6020606551449665
49	54	0.7051028679001385
49	47	0.6588389011119127
50	11	0.6431093769435544
15	17	0.6517148030489681
14	54	0.6435026018109373
49	50	0.7119198744154163
15	19	0.608743333356583
14	56	0.6389241996736887
55	67	0.6628353876888678
56	29	0.6879038934757564
21	42	0.6840282529976718
56	32	0.600775814119012
21	39	0.6383826322971815
56	21	0.6456299728491599
56	26	0.649784626370635
21	50	0.6752349067874328
21	49	0.7016646863021655
54	89	0.6084569936366959
56	14	0.6389241996736887
21	26	0.6555854653494062
21	29	0.6755404630599737
20	71	0.6238582208591302
21	31	0.6985533455701765
21	32	0.6068397669213044
54	76	0.6356702868772108
54	62	0.669939073141707
21	11	0.6145941122156688
54	69	0.6354655596649348
54	56	0.6834542311419747
54	61	0.6649860937305337
54	46	0.6010540110886724
20	33	0.6383783086139657
54	49	0.7051028679001385
54	48	0.6190133921869585
54	50	0.6796485552775855
55	16	0.6152717441015995
54	53	0.6322545181686992
54	42	0.6609705702614288
53	76	0.6045118854374635
54	36	0.6410120551720233
54	35	0.6163607880549554
53	72	0.6671259352559306
54	32	0.6585477577663232
53	69	0.6735915030658298
20	19	0.6099438170356526
54	31	0.6442681862558193
53	68	0.6902229902689788
54	29	0.6529327218849832
53	66	0.6395419330831835
53	65	0.6178720729889875
54	27	0.671477859746481
52	100	0.6218681128593212
53	62	0.6405799121973451
53	61	0.6484930182583412
54	21	0.6312713502895483
20	7	0.6078139208629338
53	56	0.6123939211533439
53	54	0.6322545181686992
54	14	0.6435026018109373
19	18	0.6244085089473201
53	49	0.6981525444937968
19	20	0.6099438170356526
53	50	0.7156623592456711
19	16	0.6085987576397471
19	15	0.608743333356583
53	42	0.6001150526352627
53	35	0.6813499533655349
18	59	0.6212063163221345
53	36	0.65028826263515
18	58	0.6214484989779278
53	32	0.7288392193769164
53	31	0.6604163566186105
53	27	0.6432858088996071
53	29	0.6960104582449911
51	100	0.6030755374277053
53	21	0.6499263775553522
44	37	0.6656570960077374
43	74	0.6552144970803578
24	16	0.687690167345884
44	33	0.7158249851727089
24	9	0.7466084181749288
24	8	0.6050123620693775
44	43	0.6958495749217244
24	4	0.6615879879476607
24	33	0.6295919459832737
45	12	0.6168283412016685
44	60	0.6319148338910027
44	59	0.619371451107033
44	58	0.7906795197670504
44	57	0.8179311958776303
24	51	0.6100636238813981
44	64	0.6298404726398643
24	44	0.7394898270661372
44	67	0.6667599086077798
24	43	0.7277046323194747
24	37	0.6374377716725763
44	74	0.6280845767921944
24	64	0.6096018677442903
45	50	0.6131509773271158
24	67	0.6640126957236956
44	86	0.6263290384195725
25	26	0.6029458673867282
24	57	0.7026090758455383
24	58	0.7127894058095204
24	59	0.6221445392862865
25	22	0.6252667174507378
100	98	0.6335060118410244
22	25	0.6252667174507378
21	61	0.6875768511809651
42	49	0.6074539790665217
21	65	0.6396367979934291
43	9	0.6679793005093038
22	26	0.6208488232862636
21	54	0.6312713502895483
42	53	0.6001150526352627
21	53	0.6499263775553522
42	50	0.678662032415113
21	52	0.6350579783587846
42	56	0.6212348415944724
42	54	0.6609705702614288
21	56	0.6456299728491599
43	24	0.7277046323194747
42	61	0.6159830739891736
23	1	0.6234798825953655
42	65	0.6052815530631744
100	85	0.647705567865994
21	69	0.6382289304854744
42	66	0.6293919183412366
43	33	0.6106358503681464
44	4	0.6584640466336031
43	41	0.6080572166942585
43	44	0.6958495749217244
44	8	0.6171739940242154
44	9	0.7261121856761525
21	83	0.6230948893099173
44	13	0.6700208927131923
44	15	0.659029426863782
44	16	0.7207207989697617
43	58	0.6550904619043942
43	57	0.6482297489094138
43	60	0.6201370597216899
43	59	0.6143425958413287
24	3	0.6377371596333121
44	24	0.7394898270661372
21	100	0.6220086057676271
43	64	0.606536563514637
43	67	0.7267300610642335
26	65	0.6792663559174583
47	62	0.6345544544444492
98	100	0.6335060118410244
27	35	0.7227470327769664
27	36	0.7503494638455166
27	31	0.7014158965906132
27	32	0.6557637173452691
27	29	0.6985708353293902
47	49	0.6588389011119127
98	83	0.6358118979818103
27	50	0.7535454362189141
99	58	0.6294027643296597
100	21	0.6220086057676271
27	49	0.7202915267720323
47	68	0.6639496430920528
49	21	0.7016646863021655
27	53	0.6432858088996071
99	94	0.6037961231781244
27	54	0.671477859746481
47	89	0.6362255645769921
47	92	0.6040563229793933
48	54	0.6190133921869585
27	66	0.6283730665537111
27	68	0.6654797733428388
27	61	0.6794990110938022
27	62	0.6500795564113095
49	35	0.6804058269250014
99	82	0.6273807579441519
49	36	0.6839293027522686
99	84	0.6188678955155542
49	31	0.6289442817879819
27	69	0.6058060205299413
49	32	0.7190383032166912
27	72	0.6573600498957708
100	52	0.6218681128593212
49	27	0.7202915267720323
28	47	0.6258572827686404
49	29	0.6352504713625926
99	86	0.604824954216542
48	62	0.6000468068802288
100	51	0.6030755374277053
24	75	0.6067484090681513
97	82	0.6037646081292379
45	66	0.6069307577082199
96	94	0.6186447720756274
96	95	0.6034917101630726
47	12	0.6199883809194591
96	92	0.6453901706646091
96	97	0.6994437312651456
26	14	0.6439767815243002
26	21	0.6555854653494062
26	25	0.6029458673867282
26	22	0.6208488232862636
47	6	0.6105760363074453
47	28	0.6258572827686404
26	31	0.6086300481303412
46	54	0.6010540110886724
98	80	0.642110220738726
27	6	0.6530365897926043
26	42	0.6875500921609846
97	90	0.6042611965493005
97	95	0.607621304946114
27	14	0.6280074218266777
97	96	0.6994437312651456
26	56	0.649784626370635
31	29	0.651909277191534
30	67	0.6213763729734711
37	58	0.7094138492023484
31	32	0.6727443629862893
37	57	0.6569382224960005
36	89	0.6052516831335932
31	26	0.6086300481303412
36	88	0.6084001482879624
31	27	0.7014158965906132
31	21	0.6985533455701765
37	64	0.6205351456377823
30	59	0.6239643486508033
30	51	0.62708453264757
95	94	0.603853806869914
95	96	0.6034917101630726
29	89	0.6428920974466983
36	72	0.6184383242753924
31	11	0.6199411583853454
31	6	0.6005237958120416
29	76	0.6104312304128388
37	44	0.6656570960077374
32	27	0.6557637173452691
31	61	0.7663068359881666
32	21	0.6068397669213044
31	53	0.6604163566186105
31	54	0.6442681862558193
39	21	0.6383826322971815
96	63	0.6237202534273225
38	56	0.6078781866608222
31	49	0.6289442817879819
31	50	0.6812783720718059
95	97	0.607621304946114
39	17	0.619429214312461
96	90	0.6239640653083268
96	91	0.6067415845977998
96	88	0.6186342081942771
96	89	0.6445471393364577
96	84	0.6069380239794205
30	79	0.6176610877808562
31	42	0.6022936208931294
37	67	0.6607633346214441
30	74	0.6501560989532433
31	36	0.664645955919859
31	35	0.6046122132439595
29	35	0.7035847228922122
35	62	0.6849288137565642
29	36	0.694283419843974
35	61	0.6467064979353768
36	27	0.7503494638455166
93	88	0.6014537409646952
36	29	0.694283419843974
35	66	0.6810771843741933
93	87	0.6380196315905736
30	4	0.6281333267866303
36	31	0.664645955919859
35	68	0.6028437528712952
29	42	0.6033361656118663
93	89	0.7123664632974919
29	27	0.6985708353293902
36	32	0.7081749093263647
35	69	0.6024952227075006
93	78	0.6085777394428826
36	35	0.7321445237920093
35	72	0.6962664418380267
28	68	0.6417410263904296
29	31	0.651909277191534
29	32	0.6615594014844628
35	76	0.6772316651149715
29	21	0.6755404630599737
35	49	0.6804058269250014
35	50	0.7410721259901752
28	62	0.6562045359853989
93	91	0.6185261806486835
35	53	0.6813499533655349
93	92	0.6779319577185909
35	54	0.6163607880549554
29	14	0.6014451712805184
27	89	0.61508647028532
29	69	0.678424898670836
30	33	0.6090396690131853
36	56	0.629353514479959
35	93	0.6174584758136399
36	62	0.7128065653877333
37	24	0.6374377716725763
36	61	0.6532530741160555
29	72	0.6060413936061382
94	82	0.6429396178060627
29	61	0.6482413227519707
29	62	0.6237046086868595
36	66	0.6865282377747199
94	71	0.6108572707035682
29	66	0.6145121815858183
36	69	0.651502174345815
36	68	0.6322873680854059
94	96	0.6186447720756274
29	54	0.6529327218849832
36	42	0.6480515820441214
29	53	0.6960104582449911
94	95	0.603853806869914
29	56	0.6879038934757564
94	99	0.6037961231781244
94	88	0.6079192797288955
37	13	0.6470065598934376
36	50	0.7242418178076557
35	87	0.6249207625004243
35	88	0.6098380099253424
94	86	0.8039752579114148
36	49	0.6839293027522686
29	50	0.7550111659053573
36	54	0.6410120551720233
29	49	0.6352504713625926
94	90	0.6701466743395852
37	15	0.7002781559997526
28	84	0.6252206179705916
37	16	0.658119261707374
36	53	0.65028826263515
91	89	0.6522112294081938
41	43	0.6080572166942585
91	92	0.6099798476049124
91	86	0.647284889329832
33	74	0.6812221091646069
91	88	0.6122324151775439
91	93	0.6185261806486835
91	96	0.6067415845977998
33	59	0.6594854014895006
33	60	0.627161888128194
33	57	0.7016833213500573
33	58	0.6307545877136957
92	76	0.6029577304289135
33	70	0.6090850698654422
93	35	0.6174584758136399
33	64	0.6468713832921621
35	36	0.7321445237920093
42	39	0.6124414591453538
35	32	0.6886710461572484
42	36	0.6480515820441214
35	31	0.6046122132439595
35	29	0.7035847228922122
41	67	0.6094801785100742
92	93	0.6779319577185909
42	31	0.6022936208931294
92	91	0.6099798476049124
42	29	0.6033361656118663
42	26	0.6875500921609846
34	52	0.6346904889083465
42	21	0.6840282529976718
92	96	0.6453901706646091
35	14	0.6123492005433936
34	51	0.6365811698974659
35	27	0.7227470327769664
34	65	0.6027160871118536
93	72	0.6246499937954273
41	52	0.647496335949979
42	14	0.616049551713626
41	51	0.6083498593411909
89	96	0.6445471393364577
33	9	0.6374570017879313
32	49	0.7190383032166912
32	50	0.7487848871392
33	13	0.6154078207003075
32	53	0.7288392193769164
39	42	0.6124414591453538
32	54	0.6585477577663232
33	20	0.6383783086139657
32	56	0.600775814119012
90	71	0.670740406182187
32	29	0.6615594014844628
31	68	0.6352628350995577
32	31	0.6727443629862893
31	69	0.6564866937323542
90	78	0.6505374901335668
32	35	0.6886710461572484
32	36	0.7081749093263647
90	82	0.6445203806491969
31	76	0.6185526671500674
33	2	0.6052772613082411
90	84	0.6654474409892598
33	3	0.622293570553988
33	4	0.7064597087020064
32	76	0.6290366477301587
90	96	0.6239640653083268
90	97	0.6042611965493005
33	44	0.7158249851727089
90	94	0.6701466743395852
33	43	0.6106358503681464
91	62	0.631109256471876
32	89	0.6505282402499463
33	51	0.6035693195411082
34	14	0.6322313348022286
32	62	0.6839067311920454
32	61	0.7009104922580449
33	24	0.6295919459832737
32	66	0.6517471480132724
33	30	0.6090396690131853
32	65	0.6145356284806798
32	68	0.7136423921674602
32	69	0.6908969398982545
91	77	0.608809022424552
92	47	0.6040563229793933
91	83	0.6253768844628799
32	72	0.6353336074553022
83	98	0.6358118979818103
84	82	0.6117651959560374
84	76	0.602102658127737
83	76	0.6153364176106977
83	72	0.6862524778669056
84	28	0.6252206179705916
82	99	0.6273807579441519
83	91	0.6253768844628799
83	80	0.6554747357551138
86	60	0.6285384622771852
87	35	0.6249207625004243
85	100	0.647705567865994
86	67	0.6087864957536615
84	99	0.6188678955155542
84	96	0.6069380239794205
86	16	0.6065133819637674
84	90	0.6654474409892598
85	51	0.6107484931786659
84	89	0.6069816300961708
86	44	0.6263290384195725
85	73	0.6338977767421191
88	36	0.6084001482879624
87	76	0.6120940267237531
89	12	0.6010808599988464
87	88	0.6187362038166481
87	93	0.6380196315905736
87	89	0.6392175922819197
89	27	0.61508647028532
89	29	0.6428920974466983
86	82	0.6199287454599349
86	91	0.647284889329832
86	99	0.604824954216542
86	94	0.8039752579114148
88	35	0.6098380099253424
87	72	0.6348021474916754
87	65	0.6049900525824227
89	68	0.6704482961059867
89	69	0.6146880590967301
89	72	0.6439150732327366
89	76	0.6345748934667615
89	77	0.6081458404049815
89	84	0.6069816300961708
89	87	0.6392175922819197
89	88	0.636484605650339
89	91	0.6522112294081938
89	93	0.7123664632974919
89	32	0.6505282402499463
89	36	0.6052516831335932
89	49	0.6606005183438177
89	50	0.6151594231654987
88	87	0.6187362038166481
89	47	0.6362255645769921
89	54	0.6084569936366959
88	91	0.6122324151775439
88	89	0.636484605650339
88	94	0.6079192797288955
88	93	0.6014537409646952
89	62	0.6686573355648712
88	96	0.6186342081942771
77	89	0.6081458404049815
77	80	0.6668089345713679
77	79	0.6648126538003936
77	78	0.7075295504035759
77	76	0.6166516997072178
77	75	0.6224061055322404
77	73	0.7075915562037125
76	92	0.6029577304289135
76	89	0.6345748934667615
76	84	0.602102658127737
76	87	0.6120940267237531
76	83	0.6153364176106977
76	77	0.6166516997072178
76	72	0.6414292199930017
76	73	0.6017940830243296
76	68	0.6096787634208831
79	75	0.6189728614224894
79	74	0.666157726112951
79	73	0.6654783014868809
79	80	0.7106446041005909
79	78	0.6914518814802112
79	77	0.6648126538003936
79	51	0.6325818258888322
78	93	0.6085777394428826
78	90	0.6505374901335668
78	79	0.6914518814802112
78	80	0.6749052038790186
78	73	0.6737140099173478
78	72	0.600132672868186
78	77	0.7075295504035759
79	30	0.6176610877808562
77	91	0.608809022424552
80	98	0.642110220738726
80	83	0.6554747357551138
80	79	0.7106446041005909
80	78	0.6749052038790186
80	77	0.6668089345713679
81	49	0.6052739574842062
80	72	0.6602199708532368
80	73	0.723141857493355
80	51	0.6174018254490472
82	84	0.6117651959560374
82	86	0.6199287454599349
82	90	0.6445203806491969
82	97	0.6037646081292379
82	94	0.6429396178060627
83	21	0.6230948893099173
70	33	0.6090850698654422
69	68	0.6572139391872205
71	20	0.6238582208591302
69	89	0.6146880590967301
70	63	0.6077047102186354
72	12	0.614389196538037
72	35	0.6962664418380267
72	32	0.6353336074553022
72	29	0.6060413936061382
71	63	0.6047636593901458
72	27	0.6573600498957708
71	58	0.6101292848205718
72	50	0.6623586237508929
71	74	0.6182084700514676
72	36	0.6184383242753924
72	61	0.603067500715346
72	62	0.6908676896135243
71	94	0.6108572707035682
72	53	0.6671259352559306
71	90	0.670740406182187
72	80	0.6602199708532368
72	83	0.6862524778669056
72	76	0.6414292199930017
74	4	0.6574893325373452
72	78	0.600132672868186
72	68	0.6146246492537234
72	87	0.6348021474916754
74	16	0.6493141096658068
72	89	0.6439150732327366
72	93	0.6246499937954273
74	33	0.6812221091646069
74	30	0.6501560989532433
73	74	0.610249459591844
73	77	0.7075915562037125
75	4	0.6553107971496026
73	78	0.6737140099173478
73	75	0.6501471308751426
73	76	0.6017940830243296
74	43	0.6552144970803578
73	80	0.723141857493355
73	79	0.6654783014868809
74	44	0.6280845767921944
73	85	0.6338977767421191
74	51	0.6084945683034392
74	57	0.6390243573272303
74	58	0.6737266764756074
75	24	0.6067484090681513
74	67	0.6156215284400482
74	71	0.6182084700514676
74	73	0.610249459591844
74	79	0.666157726112951
74	75	0.7459066814758003
75	58	0.6015808254679981
76	31	0.6185526671500674
76	29	0.6104312304128388
75	74	0.7459066814758003
75	73	0.6501471308751426
76	32	0.6290366477301587
76	35	0.6772316651149715
75	77	0.6224061055322404
75	79	0.6189728614224894
76	53	0.6045118854374635
76	54	0.6356702868772108
76	49	0.6088476847866684
76	61	0.6008525592698367
76	62	0.6118987461036323
63	59	0.6172471097155576
64	24	0.6096018677442903
62	89	0.6686573355648712
62	91	0.631109256471876
64	16	0.6087756289393076
1	23	0.6234798825953655
64	8	0.6097881622416076
62	72	0.6908676896135243
62	76	0.6118987461036323
64	3	0.6391823485116264
64	59	0.6313662526102121
63	96	0.6237202534273225
65	21	0.6396367979934291
64	58	0.6564515989090138
3	4	0.6394036557455878
64	57	0.640071353945971
64	44	0.6298404726398643
65	14	0.6140278202472761
65	11	0.6015675908471966
64	37	0.6205351456377823
64	43	0.606536563514637
63	71	0.6047636593901458
2	33	0.6052772613082411
64	33	0.6468713832921621
63	70	0.6077047102186354
3	33	0.622293570553988
66	14	0.6110332703520527
65	53	0.6178720729889875
65	50	0.6222391863259394
65	49	0.6316360175450428
66	6	0.6371805523321875
65	42	0.6052815530631744
4	3	0.6394036557455878
65	32	0.6145356284806798
65	34	0.6027160871118536
64	60	0.620268422978351
3	24	0.6377371596333121
65	26	0.6792663559174583
66	49	0.7098464025174528
4	30	0.6281333267866303
67	9	0.6894794037371906
66	45	0.6069307577082199
3	64	0.6391823485116264
4	24	0.6615879879476607
66	42	0.6293919183412366
66	36	0.6865282377747199
66	35	0.6810771843741933
4	33	0.7064597087020064
66	32	0.6517471480132724
65	69	0.608504719631269
66	29	0.6145121815858183
65	66	0.605826535474826
4	9	0.6168449594891279
66	27	0.6283730665537111
65	61	0.6033584433088776
3	60	0.6061668593721524
65	62	0.6121889511600618
4	17	0.64246197419514
4	16	0.6163003264331262
67	30	0.6213763729734711
66	68	0.6623918946799284
66	69	0.6860407543964537
67	37	0.6607633346214441
4	57	0.6552540353479301
4	59	0.6253167399321005
4	58	0.7214346732208432
67	41	0.6094801785100742
68	6	0.6273570973702097
67	43	0.7267300610642335
67	44	0.6667599086077798
66	50	0.6790361238804863
65	87	0.6049900525824227
67	16	0.6479098301740369
66	53	0.6395419330831835
4	51	0.6963903041045629
5	17	0.6239919768783595
67	24	0.6640126957236956
66	61	0.6862188288600786
4	44	0.6584640466336031
66	62	0.6486839652232115
66	65	0.605826535474826
68	27	0.6654797733428388
68	31	0.6352628350995577
68	28	0.6417410263904296
6	27	0.6530365897926043
68	35	0.6028437528712952
68	32	0.7136423921674602
68	36	0.6322873680854059
67	74	0.6156215284400482
4	74	0.6574893325373452
67	55	0.6628353876888678
4	75	0.6553107971496026
67	59	0.6015751789231497
67	58	0.6098492565904712
67	57	0.6349212442436519
68	61	0.6642467471646701
68	62	0.7192600511946652
6	61	0.6864200545038206
7	17	0.606171524043168
69	21	0.6382289304854744
7	20	0.6078139208629338
69	31	0.6564866937323542
69	32	0.6908969398982545
68	69	0.6572139391872205
7	13	0.6145962027580447
69	27	0.6058060205299413
6	47	0.6105760363074453
69	29	0.678424898670836
68	66	0.6623918946799284
68	47	0.6639496430920528
7	8	0.6279485235700247
69	6	0.6425348528673906
68	53	0.6902229902689788
68	49	0.7564917558463409
67	86	0.6087864957536615
6	31	0.6005237958120416
68	50	0.630977938607824
8	17	0.6601728471071034
8	16	0.6987026557941622
69	53	0.6735915030658298
8	15	0.6274676816954825
69	54	0.6354655596649348
8	13	0.6494204755171901
68	89	0.6704482961059867
69	65	0.608504719631269
69	66	0.6860407543964537
8	10	0.6060581674009049
69	61	0.7052966134173113
8	7	0.6279485235700247
69	62	0.6761844703141718
68	76	0.6096787634208831
69	36	0.651502174345815
69	35	0.6024952227075006
68	72	0.6146246492537234
69	50	0.724818169015714
6	68	0.6273570973702097
69	49	0.6973776850853444
6	69	0.6425348528673906
6	66	0.6371805523321875
