58	59	0.6131565657163034
58	60	0.6372396454826095
58	64	0.6449547559150529
10	57	0.608016386591789
9	94	0.6148589127406263
58	67	0.6813007690176485
59	33	0.6464955943911408
9	86	0.6127785404297728
59	37	0.6403009971451721
58	74	0.6953076660923103
59	41	0.6354083425057417
59	44	0.6777241843633112
60	9	0.6563685567178453
11	21	0.6049712618199825
60	15	0.6086868367047792
9	58	0.6854114337890193
9	57	0.7290732226983722
57	64	0.6051015412567962
9	55	0.6487317792520486
58	33	0.6408656963900772
57	67	0.6499009173469235
10	23	0.6276626813815853
9	60	0.6563685567178453
9	59	0.6254503453536666
58	37	0.7277717100957537
57	74	0.6190951103713713
59	4	0.6170963442129417
58	44	0.7691812899721111
9	74	0.6229800970062062
58	43	0.6398958806198167
11	3	0.6205531193078101
10	38	0.6543141330623565
59	9	0.6254503453536666
9	64	0.632179642530541
58	57	0.7388825162004868
9	67	0.666569331549977
10	31	0.6069554278711464
56	72	0.6193368475673406
8	64	0.6008977679031231
57	37	0.6704246326158623
9	30	0.6331295500750523
9	24	0.6815279190751827
56	69	0.6211419917071925
9	23	0.6074746370754548
57	33	0.6206850632442161
57	43	0.628804551813823
8	57	0.600994761149063
58	7	0.634562895923366
57	44	0.7788160148262242
58	9	0.6854114337890193
9	16	0.652289731097576
58	4	0.6863898238567705
58	15	0.6673340295982901
9	43	0.6858876048520829
9	44	0.6949421511842578
58	17	0.6106131710553895
58	16	0.7410528179378213
58	13	0.6658279717499475
9	41	0.604218675645118
57	60	0.6285673653234929
9	37	0.6735962772599053
58	24	0.715048020733118
58	18	0.6503811748423093
57	55	0.6143311339502988
57	58	0.7388825162004868
9	33	0.6329605903224667
58	20	0.6176950855890624
56	42	0.6291612029712377
57	4	0.6370962186111335
56	36	0.6153570660911554
57	13	0.6289283227296771
57	9	0.7290732226983722
57	10	0.608016386591789
7	58	0.634562895923366
57	8	0.600994761149063
57	18	0.619444110818329
56	54	0.6014460227241692
57	16	0.7281804418371033
56	53	0.6121594268888346
57	15	0.6334277083834643
9	4	0.6349006999662361
57	24	0.7033043715511282
62	47	0.6144080096120533
62	49	0.7232645052206726
62	48	0.6119299708557924
14	26	0.6265470576698622
62	50	0.6156954269071316
62	53	0.6536959914748166
14	34	0.6258504965361963
13	74	0.6256465279374706
63	28	0.6392472275617006
62	66	0.6219273130305807
14	42	0.6620866821437743
62	68	0.7760855848221108
15	8	0.6366912856361087
62	69	0.6575973530650071
62	54	0.6091346556557158
61	93	0.6053319420761238
14	49	0.6160341355431828
63	20	0.6035639294974742
15	13	0.7022400294027787
15	16	0.7093484480040784
62	61	0.6541270203883829
61	54	0.6119522740061316
61	53	0.630330143181945
13	37	0.668904727567328
61	50	0.6944850864681391
61	49	0.6694176839183363
61	48	0.6211064274394719
61	47	0.6044856920573112
62	32	0.6651034060464316
61	69	0.6377127060703996
13	44	0.6724663790023394
62	31	0.6126836589336245
61	68	0.6487570448345472
14	6	0.6034600649806512
62	36	0.6798653771575389
62	35	0.7022174881276753
61	62	0.6541270203883829
13	51	0.601399155862504
62	28	0.6518346928373115
61	65	0.6156108628110973
14	21	0.6391587780280386
13	58	0.6658279717499475
62	29	0.6233005806732997
61	66	0.6577165558741257
13	57	0.6289283227296771
62	27	0.6640805817700773
12	38	0.6358800197322974
60	57	0.6285673653234929
60	58	0.6372396454826095
12	35	0.6119511487610192
13	7	0.6178101475855675
13	8	0.6345634494721288
61	14	0.6045274177312705
13	16	0.6561941170649812
13	15	0.7022400294027787
61	42	0.6002845526792421
13	17	0.6580910862424123
61	35	0.7055923389679029
61	36	0.6310029141653546
61	31	0.6559196841941656
61	32	0.6920182710439094
61	27	0.6531372571157215
60	64	0.6209206515296163
61	29	0.6313545756032246
59	67	0.6005263206749354
59	64	0.6108796118569713
59	63	0.628009142071427
60	24	0.6323068323955899
59	58	0.6131565657163034
10	86	0.6290449530105926
60	18	0.6272674424371256
60	16	0.6032514207009274
11	46	0.6064776479673526
60	44	0.6681924523595913
61	6	0.6510313717782786
60	43	0.6092708584709535
60	37	0.6454625945667707
51	80	0.6293069552162134
52	51	0.7406563148287861
17	58	0.6106131710553895
18	19	0.6212444319492045
52	30	0.6124336961559897
18	16	0.6485652228995054
18	15	0.6051324231061339
52	34	0.6229462486212434
52	33	0.6217085821675007
50	87	0.6183682406167385
51	52	0.7406563148287861
50	89	0.6608121679160899
16	74	0.6551230775591066
16	60	0.6032514207009274
50	93	0.6238365468641611
52	21	0.6442487678403851
16	64	0.6032696815485414
16	67	0.6303601622952287
50	66	0.6713076232746482
17	16	0.6305613270288086
17	15	0.6194282053249783
50	68	0.6279067223005942
50	69	0.6952344000874823
16	57	0.7281804418371033
50	72	0.6306267979396757
16	58	0.7410528179378213
16	44	0.7400211049301325
50	76	0.6075713959964611
52	4	0.6252130640388642
52	5	0.6063078254131508
17	13	0.6580910862424123
16	43	0.617906378085086
50	54	0.6842656142850186
17	4	0.6335568734923077
50	53	0.6734224351378838
51	13	0.601399155862504
16	37	0.637615421943486
15	74	0.6305379974330831
50	65	0.6669881757509618
50	62	0.6156954269071316
16	33	0.6698765805702134
51	24	0.636522197913171
50	61	0.6944850864681391
16	30	0.6127822352208727
51	4	0.652006273987521
50	38	0.6042618367138637
16	24	0.6444536029031016
50	36	0.7509783527852022
15	60	0.6086868367047792
15	58	0.6673340295982901
50	35	0.7452549632729023
49	72	0.6106732029826643
16	20	0.6533112946237829
15	57	0.6334277083834643
16	19	0.6194117649347765
50	49	0.6876004758065823
16	18	0.6485652228995054
50	46	0.6071299088615969
16	17	0.6305613270288086
16	15	0.7093484480040784
51	5	0.6256525369403534
16	13	0.6561941170649812
16	9	0.652289731097576
49	62	0.7232645052206726
49	61	0.6694176839183363
16	4	0.6489222712386736
50	21	0.6288064997830108
15	44	0.6667525839659851
49	68	0.7213292575961101
15	37	0.636943879220038
50	32	0.721300697280834
49	69	0.6446142286106484
50	27	0.7116113916845777
50	26	0.6153747555541318
50	29	0.7124765052982925
49	66	0.6755280054783286
14	65	0.6508580700146487
49	53	0.666609588266198
14	61	0.6045274177312705
49	54	0.7235388294207249
49	47	0.6335873459965353
15	18	0.6051324231061339
49	48	0.6096966538536662
15	17	0.6194282053249783
14	54	0.6701169229620199
49	50	0.6876004758065823
14	56	0.6211385414474757
21	36	0.6019333547553292
56	29	0.6327422957581522
21	35	0.6145911291307918
21	42	0.6226340630031201
56	35	0.6664730578039558
21	39	0.6337688977045023
21	46	0.622958514249674
55	57	0.6143311339502988
56	21	0.609750402232532
21	50	0.6288064997830108
21	49	0.6214431089125448
54	89	0.6463687623805776
20	58	0.6176950855890624
56	14	0.6211385414474757
54	93	0.6787210843695768
21	26	0.6498772155349722
20	63	0.6035639294974742
21	29	0.6673836006607508
21	27	0.6271800606713438
54	76	0.6081714002059416
54	62	0.6091346556557158
21	11	0.6049712618199825
21	14	0.6391587780280386
54	65	0.6511427895352881
54	66	0.6318094229991232
54	68	0.6712214566424191
54	69	0.6283519890581241
54	56	0.6014460227241692
53	93	0.6347182639895419
54	61	0.6119522740061316
20	30	0.610853948064634
55	9	0.6487317792520486
54	49	0.7235388294207249
54	48	0.6260631402890096
54	50	0.6842656142850186
54	53	0.7734055439288691
53	89	0.6463745632715411
54	36	0.627702381856698
54	35	0.6768373689371685
54	32	0.6412385377068601
53	69	0.657260539205968
20	19	0.6279410278166446
53	68	0.6317738405591607
20	16	0.6533112946237829
54	29	0.6480956102066968
53	66	0.6655863184532094
53	65	0.6245237823135891
54	27	0.6346255415742745
52	100	0.6674025704526961
53	62	0.6536959914748166
53	61	0.630330143181945
54	21	0.6323444027110425
53	56	0.6121594268888346
53	54	0.7734055439288691
54	14	0.6701169229620199
19	18	0.6212444319492045
53	49	0.666609588266198
19	20	0.6279410278166446
18	57	0.619444110818329
53	50	0.6734224351378838
54	6	0.652031392891016
19	16	0.6194117649347765
53	42	0.606052901407795
52	79	0.6131575001652227
53	35	0.7284805401397173
53	36	0.6919071524900213
18	58	0.6503811748423093
18	60	0.6272674424371256
53	32	0.6928277043165789
53	31	0.6076011555228513
53	27	0.6280043102660533
53	29	0.6819496915463984
18	37	0.6266729912888054
17	74	0.6132902961354858
53	26	0.6015105617347734
51	100	0.6158661537195995
53	21	0.624905592411077
24	16	0.6444536029031016
44	37	0.6748738390276993
44	33	0.6263113690314854
24	9	0.6815279190751827
44	43	0.6172620256046151
24	4	0.663056563359292
24	33	0.6312905751060373
24	30	0.6105202308937823
44	60	0.6681924523595913
44	59	0.6777241843633112
44	58	0.7691812899721111
44	57	0.7788160148262242
24	51	0.636522197913171
44	64	0.6759327177519276
24	44	0.6776765919857539
44	67	0.6124496297047867
24	41	0.6387240785190099
24	43	0.617006554691055
45	36	0.606553559424513
25	2	0.606406188265853
44	74	0.6649152166794039
24	64	0.6178601202145977
46	11	0.6064776479673526
24	67	0.6792206438600025
44	86	0.6431802985562034
24	60	0.6323068323955899
24	57	0.7033043715511282
24	58	0.715048020733118
46	21	0.622958514249674
25	22	0.6259727365165688
100	98	0.6388786712891505
22	25	0.6259727365165688
21	65	0.7021670479294545
43	9	0.6858876048520829
42	47	0.609363711404882
21	54	0.6323444027110425
43	16	0.617906378085086
42	53	0.606052901407795
21	53	0.624905592411077
21	52	0.6442487678403851
42	56	0.6291612029712377
21	56	0.609750402232532
43	24	0.617006554691055
42	61	0.6002845526792421
100	80	0.6112675414898785
42	65	0.664539502494047
100	85	0.70704078499616
42	69	0.6440643502441212
21	69	0.7001207475855568
100	73	0.6094756003867606
43	37	0.6190590733335322
44	4	0.6937982307870088
42	80	0.6022356493948391
43	44	0.6172620256046151
23	10	0.6276626813815853
44	9	0.6949421511842578
23	9	0.6074746370754548
44	13	0.6724663790023394
44	15	0.6667525839659851
23	33	0.6142587390470673
44	16	0.7400211049301325
23	37	0.6069872749590022
43	58	0.6398958806198167
43	57	0.628804551813823
43	60	0.6092708584709535
24	3	0.6190422945358882
44	24	0.6776765919857539
43	64	0.6336026614515287
43	67	0.6768266324658975
26	65	0.6767730435630819
47	62	0.6144080096120533
47	61	0.6044856920573112
98	100	0.6388786712891505
27	21	0.6271800606713438
27	35	0.7172840376228833
27	36	0.6906885792431766
27	31	0.6519656486079171
26	69	0.664263918390764
27	32	0.6593744198918455
27	29	0.6650513190540506
47	49	0.6335873459965353
47	72	0.6073202483857201
27	50	0.7116113916845777
27	49	0.6597887544723278
47	68	0.6948367303891761
49	21	0.6214431089125448
27	53	0.6280043102660533
27	54	0.6346255415742745
47	89	0.613943317671249
48	54	0.6260631402890096
27	65	0.6100228110608064
48	49	0.6096966538536662
27	66	0.6282922683126768
49	14	0.6160341355431828
27	68	0.6131050628283019
26	98	0.612634715655521
27	61	0.6531372571157215
27	62	0.6640805817700773
49	35	0.6694137729258505
48	72	0.6207407007308708
99	82	0.6180021052723349
49	36	0.6648409135249681
99	84	0.6404540730468271
49	31	0.6166836582818747
48	68	0.6324250255287742
49	32	0.676928209424419
27	72	0.6233852743971093
100	52	0.6674025704526961
49	27	0.6597887544723278
49	28	0.6274781790366515
28	47	0.6884910324934391
49	29	0.6270999845709948
48	61	0.6211064274394719
48	62	0.6119299708557924
100	51	0.6158661537195995
97	71	0.6083824841887462
99	4	0.6017410970722532
24	74	0.640507741103599
96	95	0.624744578889138
96	92	0.6370947580594762
46	50	0.6071299088615969
96	97	0.6651258946548863
26	14	0.6265470576698622
26	21	0.6498772155349722
98	26	0.612634715655521
47	28	0.6884910324934391
26	29	0.6468517127487489
26	35	0.6366270021633341
26	39	0.6190126137185586
27	6	0.6034988260179246
26	42	0.6904922874555908
47	42	0.609363711404882
97	96	0.6651258946548863
26	50	0.6153747555541318
26	53	0.6015105617347734
36	93	0.6206536259242307
30	67	0.6336308181990669
37	58	0.7277717100957537
31	32	0.6620224848617042
37	57	0.6704246326158623
36	89	0.6070140494342157
31	27	0.6519656486079171
37	64	0.6009385823479667
37	60	0.6454625945667707
96	28	0.627527958831327
37	59	0.6403009971451721
95	94	0.6410840482133963
37	41	0.6140181547481082
95	96	0.624744578889138
29	89	0.6128544361281228
30	52	0.6124336961559897
95	89	0.6140088143951362
31	10	0.6069554278711464
36	72	0.6109488192129435
95	91	0.6104185332893729
38	10	0.6543141330623565
95	87	0.6350742073330797
38	12	0.6358800197322974
95	88	0.6085295954169916
29	76	0.620321600287478
37	43	0.6190590733335322
37	44	0.6748738390276993
30	41	0.6333214622290544
32	27	0.6593744198918455
31	61	0.6559196841941656
31	62	0.6126836589336245
38	50	0.6042618367138637
31	53	0.6076011555228513
39	21	0.6337688977045023
96	62	0.6078746213398528
31	49	0.6166836582818747
96	91	0.6006886806101784
37	74	0.638510549206716
96	88	0.6056511466835502
96	89	0.6296481791470515
96	87	0.6172485558425121
37	67	0.6233602806841662
30	74	0.6222558575936037
39	6	0.6022520336118699
31	36	0.7193999842746921
31	35	0.6363194259114079
29	35	0.7563507158984939
35	62	0.7022174881276753
29	36	0.6603893660495197
35	61	0.7055923389679029
36	27	0.6906885792431766
93	88	0.6237492134381212
36	29	0.6603893660495197
35	66	0.7369754121816621
35	65	0.6275666940607344
30	4	0.6614402896518403
36	31	0.7193999842746921
35	68	0.617728432788006
29	42	0.6908532517912833
93	89	0.6603053554252079
29	27	0.6650513190540506
36	32	0.6438702478973392
35	69	0.6163767420692718
36	35	0.7552060056310295
28	68	0.6792396111404145
29	32	0.6742245269328575
35	76	0.6048935400225132
29	21	0.6673836006607508
35	49	0.6694137729258505
94	67	0.6068855391428758
35	50	0.7452549632729023
28	63	0.6392472275617006
29	26	0.6468517127487489
28	62	0.6518346928373115
28	49	0.6274781790366515
35	53	0.7284805401397173
93	92	0.6472332789243836
35	54	0.6768373689371685
35	56	0.6664730578039558
36	21	0.6019333547553292
29	69	0.6557158658324691
30	33	0.6314452433202405
29	68	0.6101447248559237
36	56	0.6153570660911554
35	93	0.6595067380460482
36	62	0.6798653771575389
36	61	0.6310029141653546
37	23	0.6069872749590022
29	61	0.6313545756032246
30	24	0.6105202308937823
29	62	0.6233005806732997
36	66	0.6623168990430564
28	96	0.627527958831327
29	65	0.6500761090782833
29	66	0.6163339948239099
37	33	0.6341427475393241
36	69	0.6840334567151096
36	68	0.6082645530001147
29	54	0.6480956102066968
28	90	0.6231135363299756
29	53	0.6819496915463984
30	16	0.6127822352208727
94	95	0.6410840482133963
37	4	0.6361485165175786
37	9	0.6735962772599053
30	20	0.610853948064634
29	56	0.6327422957581522
36	45	0.606553559424513
30	9	0.6331295500750523
37	13	0.668904727567328
36	50	0.7509783527852022
28	82	0.620112547697201
94	86	0.7709730267144329
36	49	0.6648409135249681
94	92	0.6006134687846666
29	50	0.7124765052982925
36	54	0.627702381856698
29	49	0.6270999845709948
37	18	0.6266729912888054
37	15	0.636943879220038
35	89	0.6150270274297571
37	16	0.637615421943486
36	53	0.6919071524900213
91	89	0.738150639595325
33	75	0.6105843778398222
91	92	0.6398599110743282
34	35	0.6035579553528216
91	86	0.6005309811435864
33	74	0.6481397066536752
35	12	0.6119511487610192
41	37	0.6140181547481082
91	95	0.6104185332893729
41	33	0.6172115610355506
91	96	0.6006886806101784
33	59	0.6464955943911408
41	30	0.6333214622290544
41	24	0.6387240785190099
33	57	0.6206850632442161
33	58	0.6408656963900772
92	76	0.6313925670684233
93	36	0.6206536259242307
92	72	0.6323166184286225
93	35	0.6595067380460482
33	64	0.7013196393264605
35	36	0.7552060056310295
92	87	0.6086834328670908
93	50	0.6238365468641611
35	34	0.6035579553528216
42	39	0.6019334360852897
35	32	0.6834372262289496
92	83	0.606397842728294
94	9	0.6148589127406263
35	31	0.6363194259114079
35	29	0.7563507158984939
42	35	0.6491637702773976
92	94	0.6006134687846666
35	42	0.6491637702773976
92	93	0.6472332789243836
93	53	0.6347182639895419
92	91	0.6398599110743282
93	54	0.6787210843695768
42	29	0.6908532517912833
92	88	0.6030486244284915
42	26	0.6904922874555908
92	89	0.6408323525866383
41	64	0.6102209801489741
41	59	0.6354083425057417
93	62	0.6197782932571342
34	52	0.6229462486212434
42	21	0.6226340630031201
93	61	0.6053319420761238
92	96	0.6370947580594762
35	27	0.7172840376228833
34	65	0.6136285540625633
93	72	0.6075316889111274
35	26	0.6366270021633341
42	14	0.6620866821437743
93	68	0.6052692940630328
35	21	0.6145911291307918
89	95	0.6140088143951362
89	96	0.6296481791470515
33	9	0.6329605903224667
32	49	0.676928209424419
32	50	0.721300697280834
32	53	0.6928277043165789
33	16	0.6698765805702134
39	42	0.6019334360852897
32	54	0.6412385377068601
90	71	0.6013484047493531
31	66	0.6260350498187207
32	29	0.6742245269328575
90	77	0.6218603574983437
32	31	0.6620224848617042
31	69	0.6784162323337151
32	35	0.6834372262289496
40	2	0.6015743519486373
32	36	0.6438702478973392
39	26	0.6190126137185586
90	82	0.6606753003604884
31	76	0.6201502401921808
90	84	0.6748434686401729
33	4	0.7382917958604179
90	86	0.6225535343298436
38	66	0.6012916466820803
38	69	0.6039429703881577
38	68	0.6064347741076052
41	9	0.604218675645118
39	83	0.6211258524742541
33	41	0.6172115610355506
32	76	0.6496482577491453
33	44	0.6263113690314854
32	89	0.6623868869152872
33	52	0.6217085821675007
34	14	0.6258504965361963
32	62	0.6651034060464316
33	23	0.6142587390470673
32	61	0.6920182710439094
33	24	0.6312905751060373
32	66	0.6742670518388225
33	30	0.6314452433202405
32	68	0.6956534368886419
33	37	0.6341427475393241
32	72	0.622948916818997
84	71	0.641372551149437
86	10	0.6290449530105926
84	86	0.6121426055342599
86	9	0.6127785404297728
84	82	0.6804677492245249
84	73	0.6182368549941399
82	99	0.6180021052723349
83	92	0.606397842728294
83	81	0.6160694736158356
83	80	0.6155477852507096
86	74	0.60832484820679
85	100	0.70704078499616
86	67	0.6468925315136529
84	99	0.6404540730468271
84	90	0.6748434686401729
86	44	0.6431802985562034
85	80	0.6159770544000823
85	73	0.6255418424186198
87	76	0.6908531856539588
87	88	0.6619563032211419
87	95	0.6350742073330797
87	96	0.6172485558425121
87	89	0.6427563057359429
87	92	0.6086834328670908
89	29	0.6128544361281228
86	84	0.6121426055342599
86	82	0.6688107383712016
86	91	0.6005309811435864
86	90	0.6225535343298436
87	50	0.6183682406167385
86	94	0.7709730267144329
90	28	0.6231135363299756
89	68	0.7017349327415089
89	69	0.6054294227644544
89	72	0.7311088187661212
89	76	0.6743853895233902
89	78	0.6514460527934496
89	87	0.6427563057359429
89	88	0.6675780747087086
89	91	0.738150639595325
89	92	0.6408323525866383
89	93	0.6603053554252079
89	32	0.6623868869152872
89	36	0.6070140494342157
89	35	0.6150270274297571
88	87	0.6619563032211419
89	50	0.6608121679160899
89	47	0.613943317671249
89	53	0.6463745632715411
89	54	0.6463687623805776
88	89	0.6675780747087086
88	95	0.6085295954169916
88	92	0.6030486244284915
88	93	0.6237492134381212
89	62	0.6035010856170853
88	96	0.6056511466835502
77	90	0.6218603574983437
77	79	0.6897788824703696
77	78	0.7135300784214259
77	76	0.6687444336450798
77	75	0.6081891948774036
77	73	0.7005866517187881
76	92	0.6313925670684233
76	89	0.6743853895233902
76	87	0.6908531856539588
76	77	0.6687444336450798
76	78	0.6054828541429245
76	72	0.6861304513968772
76	68	0.6046279488075108
79	75	0.6865271429109072
79	73	0.7025959665630577
79	80	0.6813594093657404
80	42	0.6022356493948391
79	78	0.6492400344989624
79	77	0.6897788824703696
79	72	0.6031422339551822
79	52	0.6131575001652227
78	89	0.6514460527934496
78	79	0.6492400344989624
80	6	0.6008550772660355
78	80	0.6585088739742083
78	73	0.7198364095527191
78	72	0.604326342132275
78	77	0.7135300784214259
78	76	0.6054828541429245
82	28	0.620112547697201
80	100	0.6112675414898785
80	83	0.6155477852507096
80	79	0.6813594093657404
80	78	0.6585088739742083
80	85	0.6159770544000823
80	72	0.6157060858384503
80	73	0.7064460275504144
80	75	0.6018162468437658
80	51	0.6293069552162134
82	84	0.6804677492245249
82	86	0.6688107383712016
82	90	0.6606753003604884
82	71	0.6185207470745653
83	39	0.6211258524742541
82	75	0.6004844603582189
82	63	0.6350048584778112
81	72	0.6060501949559818
81	83	0.6160694736158356
69	68	0.6514962041627432
69	72	0.6160456125059416
69	89	0.6054294227644544
72	32	0.622948916818997
72	27	0.6233852743971093
72	50	0.6306267979396757
72	49	0.6106732029826643
72	48	0.6207407007308708
72	47	0.6073202483857201
71	84	0.641372551149437
71	82	0.6185207470745653
72	36	0.6109488192129435
71	97	0.6083824841887462
72	56	0.6193368475673406
71	90	0.6013484047493531
72	81	0.6060501949559818
72	80	0.6157060858384503
74	9	0.6229800970062062
72	76	0.6861304513968772
72	79	0.6031422339551822
74	4	0.6766307801541275
72	78	0.604326342132275
72	69	0.6160456125059416
74	13	0.6256465279374706
74	17	0.6132902961354858
74	16	0.6551230775591066
74	15	0.6305379974330831
72	89	0.7311088187661212
72	93	0.6075316889111274
72	92	0.6323166184286225
74	24	0.640507741103599
74	33	0.6481397066536752
74	30	0.6222558575936037
74	37	0.638510549206716
73	77	0.7005866517187881
75	4	0.6553775230461403
73	78	0.7198364095527191
73	75	0.6204322593083031
73	80	0.7064460275504144
73	79	0.7025959665630577
74	44	0.6649152166794039
73	84	0.6182368549941399
73	85	0.6255418424186198
74	57	0.6190951103713713
74	58	0.6953076660923103
73	100	0.6094756003867606
74	67	0.6185399451704201
75	33	0.6105843778398222
74	75	0.6497980519722102
74	86	0.60832484820679
76	31	0.6201502401921808
76	29	0.620321600287478
75	74	0.6497980519722102
75	73	0.6204322593083031
76	32	0.6496482577491453
76	35	0.6048935400225132
75	82	0.6004844603582189
75	77	0.6081891948774036
75	80	0.6018162468437658
75	79	0.6865271429109072
76	54	0.6081714002059416
76	50	0.6075713959964611
63	59	0.628009142071427
62	96	0.6078746213398528
64	24	0.6178601202145977
2	8	0.6071245200918908
62	89	0.6035010856170853
64	16	0.6032696815485414
62	93	0.6197782932571342
64	4	0.6252173143481886
64	8	0.6008977679031231
64	9	0.632179642530541
64	3	0.6618965704780011
64	59	0.6108796118569713
2	40	0.6015743519486373
65	21	0.7021670479294545
64	58	0.6449547559150529
64	57	0.6051015412567962
63	82	0.6350048584778112
64	44	0.6759327177519276
65	14	0.6508580700146487
3	11	0.6205531193078101
64	37	0.6009385823479667
2	25	0.606406188265853
64	43	0.6336026614515287
64	41	0.6102209801489741
64	33	0.7013196393264605
65	54	0.6511427895352881
65	53	0.6245237823135891
65	50	0.6669881757509618
65	42	0.664539502494047
65	35	0.6275666940607344
65	34	0.6136285540625633
65	27	0.6100228110608064
65	29	0.6500761090782833
64	60	0.6209206515296163
3	24	0.6190422945358882
65	26	0.6767730435630819
66	49	0.6755280054783286
4	30	0.6614402896518403
67	9	0.666569331549977
3	64	0.6618965704780011
4	24	0.663056563359292
66	38	0.6012916466820803
4	37	0.6361485165175786
66	36	0.6623168990430564
66	35	0.7369754121816621
4	33	0.7382917958604179
66	32	0.6742670518388225
65	69	0.6223963178769504
66	31	0.6260350498187207
66	29	0.6163339948239099
4	9	0.6349006999662361
66	27	0.6282922683126768
65	61	0.6156108628110973
4	17	0.6335568734923077
4	16	0.6489222712386736
67	30	0.6336308181990669
4	64	0.6252173143481886
66	68	0.6626608893486708
66	69	0.6902026579493263
67	37	0.6233602806841662
4	57	0.6370962186111335
4	59	0.6170963442129417
4	58	0.6863898238567705
68	6	0.615685106959255
67	43	0.6768266324658975
67	44	0.6124496297047867
66	50	0.6713076232746482
67	16	0.6303601622952287
66	53	0.6655863184532094
4	51	0.652006273987521
4	52	0.6252130640388642
66	54	0.6318094229991232
67	24	0.6792206438600025
66	61	0.6577165558741257
4	44	0.6937982307870088
66	62	0.6219273130305807
4	99	0.6017410970722532
68	27	0.6131050628283019
68	28	0.6792396111404145
6	27	0.6034988260179246
68	29	0.6101447248559237
68	35	0.617728432788006
68	32	0.6956534368886419
5	52	0.6063078254131508
6	14	0.6034600649806512
5	51	0.6256525369403534
68	38	0.6064347741076052
68	36	0.6082645530001147
67	74	0.6185399451704201
4	74	0.6766307801541275
4	75	0.6553775230461403
67	59	0.6005263206749354
67	58	0.6813007690176485
67	57	0.6499009173469235
68	61	0.6487570448345472
68	62	0.7760855848221108
6	61	0.6510313717782786
69	26	0.664263918390764
67	94	0.6068855391428758
6	54	0.652031392891016
69	21	0.7001207475855568
69	31	0.6784162323337151
68	69	0.6514962041627432
7	13	0.6178101475855675
69	29	0.6557158658324691
68	66	0.6626608893486708
68	47	0.6948367303891761
7	8	0.621409584097966
6	39	0.6022520336118699
69	6	0.6026952193920196
68	53	0.6317738405591607
68	54	0.6712214566424191
68	49	0.7213292575961101
67	86	0.6468925315136529
68	48	0.6324250255287742
68	50	0.6279067223005942
69	56	0.6211419917071925
68	93	0.6052692940630328
69	53	0.657260539205968
8	15	0.6366912856361087
69	54	0.6283519890581241
8	13	0.6345634494721288
68	89	0.7017349327415089
69	65	0.6223963178769504
69	66	0.6902026579493263
69	61	0.6377127060703996
8	7	0.621409584097966
69	62	0.6575973530650071
6	80	0.6008550772660355
69	42	0.6440643502441212
8	2	0.6071245200918908
68	76	0.6046279488075108
69	38	0.6039429703881577
69	36	0.6840334567151096
69	35	0.6163767420692718
69	50	0.6952344000874823
6	68	0.615685106959255
69	49	0.6446142286106484
6	69	0.6026952193920196
